Lx  lambda  mu_y  theta  bondD  Energy_GS  winding  eA  eB  MA  MB  U4  Oflip  Oflipp  charge  
20  -1.00  2.40  0.00  42  -100.800000  20.000000  0.000000  0.000000  -0.000000  -0.000000  -63021466571139860830093312.000000  0.000000  -0.000000  0.000000
20  -1.00  1.81  0.00  42  -76.965600  12.101352  3.981017  3.955435  -0.000000  0.000000  0.916269  7.936452  -0.000000  -0.000000
20  -1.00  5.10  0.00  42  -214.200000  20.000000  0.000000  0.000000  -0.000000  0.000000  -924470519742009750501457920.000000  0.000000  -0.000000  0.000000
20  -1.00  0.03  0.00  42  -51.122774  -10.396886  16.369443  16.369443  -13.131934  13.131934  0.979637  32.738886  -0.000000  -0.000000
20  -1.00  0.03  0.00  63  -51.122777  -10.396886  16.369443  16.369443  -13.131934  13.131934  0.979637  32.738886  -0.000000  -0.000000
20  -1.00  4.90  0.00  42  -205.800000  20.000000  0.000000  0.000000  -0.000000  0.000000  -107293436116840826412204032.000000  0.000000  0.000000  -0.000000
20  -1.00  0.95  0.00  42  -56.792262  -3.151146  12.155271  12.719879  0.000000  -0.000000  0.972577  24.875149  0.000000  0.000000
20  -1.00  0.95  0.00  63  -56.792303  -3.151145  12.155270  12.719879  0.000000  -0.000000  0.972577  24.875149  0.000000  0.000000
20  -1.00  0.95  0.00  84  -56.792303  -3.151145  12.155270  12.719879  0.000000  -0.000000  0.972577  24.875149  0.000000  0.000000
20  -1.00  0.24  0.00  42  -51.122774  -10.396886  16.369443  16.369443  -13.131934  13.131934  0.979637  32.738886  -0.000000  0.000000
20  -1.00  0.24  0.00  63  -51.122777  -10.396886  16.369443  16.369443  -13.131934  13.131934  0.979637  32.738886  -0.000000  0.000000
20  -1.00  0.68  0.00  42  -53.520877  -5.217010  13.205813  14.150282  -0.000000  0.000000  0.974759  27.356095  0.000000  -0.000000
20  -1.00  0.68  0.00  63  -53.520941  -5.217009  13.205813  14.150282  -0.000000  0.000000  0.974759  27.356095  0.000000  0.000000
20  -1.00  0.68  0.00  84  -53.520941  -5.217008  13.205813  14.150282  0.000000  -0.000000  0.974759  27.356095  0.000000  -0.000000
20  -1.00  0.68  0.00  105  -53.520941  -5.217008  13.205813  14.150282  -0.000000  0.000000  0.974759  27.356095  -0.000000  0.000000
20  -1.00  0.73  0.00  42  -54.020877  -5.217010  13.205813  14.150282  -0.000000  0.000000  0.974759  27.356095  0.000000  0.000000
20  -1.00  0.73  0.00  63  -54.020941  -5.217009  13.205813  14.150282  -0.000000  0.000000  0.974759  27.356095  0.000000  -0.000000
20  -1.00  0.73  0.00  84  -54.020941  -5.217008  13.205813  14.150282  0.000000  -0.000000  0.974759  27.356095  0.000000  0.000000
20  -1.00  0.73  0.00  105  -54.020941  -5.217008  13.205813  14.150282  -0.000000  0.000000  0.974759  27.356095  -0.000000  0.000000
20  -1.00  1.54  0.00  42  -68.836752  4.977903  7.648258  7.780697  0.000000  -0.000000  0.956417  15.428955  0.000000  0.000000
20  -1.00  1.54  0.00  63  -68.836757  4.977903  7.648258  7.780697  -0.000000  -0.000000  0.956417  15.428955  0.000000  -0.000000
20  -1.00  0.20  0.00  42  -51.122774  -10.396886  16.369443  16.369443  13.131934  -13.131934  0.979637  32.738886  0.000000  -0.000000
20  -1.00  0.20  0.00  63  -51.122777  -10.396886  16.369443  16.369443  13.131934  -13.131934  0.979637  32.738886  0.000000  -0.000000
20  -1.00  0.43  0.00  42  -51.633720  -7.088983  13.917615  15.564349  -0.000000  0.000000  0.976050  29.481963  0.000000  0.000000
20  -1.00  0.43  0.00  63  -51.633834  -7.088981  13.917614  15.564349  0.000000  -0.000000  0.976050  29.481963  0.000000  0.000000
20  -1.00  0.43  0.00  84  -51.633835  -7.088981  13.917614  15.564349  -0.000000  0.000000  0.976050  29.481963  0.000000  0.000000
20  -1.00  0.43  0.00  105  -51.633835  -7.088981  13.917614  15.564349  -0.000000  0.000000  0.976050  29.481963  -0.000000  0.000000
20  -1.00  0.57  0.00  42  -52.557856  -6.166054  14.228717  14.228717  -1.618016  1.618016  0.976573  28.457434  0.892008  -0.000000
20  -1.00  0.57  0.00  63  -52.557940  -6.166052  14.228717  14.228717  -1.618010  1.618010  0.976573  28.457433  0.892007  0.000000
20  -1.00  0.57  0.00  84  -52.557941  -6.166052  14.228717  14.228717  -1.618010  1.618010  0.976573  28.457433  0.892007  -0.000000
20  -1.00  0.57  0.00  105  -52.557941  -6.166052  14.228717  14.228717  -1.618010  1.618010  0.976573  28.457433  0.892007  0.000000
20  -1.00  1.12  0.00  42  -59.550493  -0.788876  11.190095  10.840271  -0.000000  0.000000  0.970212  22.030366  0.000000  -0.000000
20  -1.00  1.12  0.00  63  -59.550518  -0.788876  11.190095  10.840271  -0.000000  0.000000  0.970212  22.030366  -0.000000  -0.000000
20  -1.00  1.12  0.00  84  -59.550518  -0.788876  11.190095  10.840271  -0.000000  0.000000  0.970212  22.030366  -0.000000  0.000000
20  -1.00  5.80  0.00  42  -243.600000  20.000000  0.000000  0.000000  0.000000  -0.000000  -891539412231251843293904896.000000  0.000000  -0.000000  0.000000
20  -1.00  4.80  0.00  42  -201.600000  20.000000  0.000000  0.000000  0.000000  -0.000000  -183557898437329458674270208.000000  0.000000  0.000000  0.000000
20  -1.00  1.58  0.00  42  -69.934533  6.642768  6.811896  6.811896  0.120166  -0.120166  0.951066  13.623792  -1.901044  -0.000000
20  -1.00  1.58  0.00  63  -69.934535  6.642768  6.811896  6.811896  0.120166  -0.120166  0.951066  13.623792  -1.901044  -0.000000
20  -1.00  0.86  0.00  42  -55.532262  -3.151146  12.155271  12.719879  0.000000  -0.000000  0.972577  24.875149  0.000000  -0.000000
20  -1.00  0.86  0.00  63  -55.532303  -3.151145  12.155270  12.719879  0.000000  -0.000000  0.972577  24.875149  0.000000  0.000000
20  -1.00  0.86  0.00  84  -55.532303  -3.151145  12.155270  12.719879  0.000000  -0.000000  0.972577  24.875149  0.000000  0.000000
20  -1.00  0.28  0.00  42  -51.135382  -9.096769  17.135415  14.380994  0.000000  -0.000000  0.980547  31.516409  0.000000  0.000000
20  -1.00  0.28  0.00  63  -51.135415  -9.096768  17.135414  14.380994  0.000000  -0.000000  0.980547  31.516408  -0.000000  0.000000
20  -1.00  0.28  0.00  84  -51.135415  -9.096768  17.135414  14.380994  0.000000  -0.000000  0.980547  31.516408  0.000000  0.000000
20  -1.00  1.59  0.00  42  -70.214533  6.642768  6.811896  6.811896  -0.120166  0.120166  0.951066  13.623792  1.901044  0.000000
20  -1.00  1.59  0.00  63  -70.214535  6.642768  6.811896  6.811896  -0.120166  0.120166  0.951066  13.623792  1.901044  0.000000
20  -1.00  8.70  0.00  42  -365.400000  20.000000  0.000000  0.000000  0.000000  0.000000  -2107721543301064820080508928.000000  0.000000  -0.000000  0.000000
20  -1.00  1.80  0.00  42  -76.423042  10.214197  4.935281  4.935277  0.048072  -0.048065  0.932459  9.870558  -1.956136  -0.000000
20  -1.00  1.80  0.00  63  -76.599448  10.214184  4.935280  4.935280  0.048084  -0.048084  0.932459  9.870560  -1.956131  0.000000
20  -1.00  1.80  0.00  84  -76.599467  10.214184  4.935280  4.935280  0.048084  -0.048084  0.932459  9.870560  -1.956131  0.000000
20  -1.00  0.92  0.00  42  -56.372262  -3.151146  12.155271  12.719879  0.000000  -0.000000  0.972577  24.875149  0.000000  0.000000
20  -1.00  0.92  0.00  63  -56.372303  -3.151145  12.155270  12.719879  0.000000  -0.000000  0.972577  24.875149  0.000000  -0.000000
20  -1.00  0.92  0.00  84  -56.372303  -3.151145  12.155270  12.719879  0.000000  -0.000000  0.972577  24.875149  0.000000  0.000000
20  -1.00  1.69  0.00  42  -72.699551  8.390880  5.918250  5.850528  -0.000000  0.000000  0.943677  11.768778  0.000000  -0.000000
20  -1.00  1.69  0.00  63  -73.125913  8.390880  5.918250  5.850528  0.000000  -0.000000  0.943677  11.768778  0.000000  0.000000
20  -1.00  1.04  0.00  42  -58.187335  -2.010619  11.747933  11.747933  -0.752357  0.752357  0.971626  23.495866  1.515625  -0.000000
20  -1.00  1.04  0.00  63  -58.187366  -2.010618  11.747933  11.747933  -0.752357  0.752357  0.971626  23.495865  1.515625  -0.000000
20  -1.00  1.04  0.00  84  -58.187367  -2.010618  11.747933  11.747933  -0.752357  0.752357  0.971626  23.495865  1.515625  -0.000000
20  -1.00  4.00  0.00  42  -168.000000  20.000000  0.000000  0.000000  0.000000  0.000000  -1211203982183695664319299584.000000  0.000000  -0.000000  0.000000
20  -1.00  3.70  0.00  42  -155.400000  20.000000  0.000000  0.000000  0.000000  0.000000  -832814258323699093001469952.000000  0.000000  -0.000000  0.000000
20  -1.00  7.60  0.00  42  -319.200000  20.000000  0.000000  0.000000  0.000000  0.000000  -961403300838154900649017344.000000  0.000000  0.000000  0.000000
20  -1.00  1.92  0.00  42  -80.640000  20.000000  0.000000  0.000000  -0.000000  0.000000  -3247897642949619709116416.000000  0.000000  -0.000000  0.000000
20  -1.00  1.16  0.00  42  -60.270493  -0.788876  11.190095  10.840271  -0.000000  0.000000  0.970212  22.030366  0.000000  0.000000
20  -1.00  1.16  0.00  63  -60.270518  -0.788876  11.190095  10.840271  -0.000000  0.000000  0.970212  22.030366  -0.000000  0.000000
20  -1.00  1.16  0.00  84  -60.270518  -0.788876  11.190095  10.840271  -0.000000  0.000000  0.970212  22.030366  -0.000000  0.000000
20  -1.00  0.60  0.00  42  -52.797856  -6.166054  14.228717  14.228717  -1.618016  1.618016  0.976573  28.457434  0.892008  -0.000000
20  -1.00  0.60  0.00  63  -52.797940  -6.166052  14.228717  14.228717  -1.618010  1.618010  0.976573  28.457433  0.892007  0.000000
20  -1.00  0.60  0.00  84  -52.797941  -6.166052  14.228717  14.228717  -1.618010  1.618010  0.976573  28.457433  0.892007  0.000000
20  -1.00  0.60  0.00  105  -52.797941  -6.166052  14.228717  14.228717  -1.618010  1.618010  0.976573  28.457433  0.892007  -0.000000
20  -1.00  1.25  0.00  42  -62.029321  0.518561  10.242395  10.242395  0.456201  -0.456201  0.967456  20.484789  -1.692700  -0.000000
20  -1.00  1.25  0.00  63  -62.029338  0.518561  10.242395  10.242395  0.456201  -0.456201  0.967456  20.484789  -1.692700  0.000000
20  -1.00  1.25  0.00  84  -62.029338  0.518561  10.242395  10.242395  0.456201  -0.456201  0.967456  20.484789  -1.692700  -0.000000
20  -1.00  1.62  0.00  42  -71.054533  6.642768  6.811896  6.811896  0.120166  -0.120166  0.951066  13.623792  -1.901044  -0.000000
20  -1.00  1.62  0.00  63  -71.054535  6.642768  6.811896  6.811896  0.120166  -0.120166  0.951066  13.623792  -1.901044  0.000000
20  -1.00  0.35  0.00  42  -51.302854  -8.034441  15.235736  15.235736  1.607293  -1.607293  0.978122  30.471472  -0.374034  -0.000000
20  -1.00  0.35  0.00  63  -51.302972  -8.034439  15.235735  15.235735  1.607272  -1.607272  0.978122  30.471471  -0.374034  -0.000000
20  -1.00  0.35  0.00  84  -51.302972  -8.034439  15.235735  15.235735  1.607272  -1.607272  0.978122  30.471471  -0.374034  -0.000000
20  -1.00  0.35  0.00  105  -51.302972  -8.034439  15.235735  15.235735  1.607272  -1.607272  0.978122  30.471471  -0.374034  -0.000000
20  -1.00  0.91  0.00  42  -56.232262  -3.151146  12.719879  12.155271  -0.000000  0.000000  0.973794  24.875149  -0.000000  0.000000
20  -1.00  0.91  0.00  63  -56.232303  -3.151145  12.719879  12.155270  -0.000000  0.000000  0.973794  24.875149  -0.000000  -0.000000
20  -1.00  0.91  0.00  84  -56.232303  -3.151145  12.719879  12.155270  -0.000000  0.000000  0.973794  24.875149  -0.000000  0.000000
20  -1.00  1.98  0.00  42  -83.160000  20.000000  0.000000  0.000000  0.000000  -0.000000  -27415419370635324448309248.000000  0.000000  -0.000000  0.000000
20  -1.00  8.40  0.00  42  -352.800000  20.000000  0.000000  0.000000  0.000000  0.000000  -1154209679887684134995230720.000000  0.000000  -0.000000  0.000000
20  -1.00  1.74  0.00  42  -74.485245  10.214184  4.935280  4.935280  0.048084  -0.048084  0.932459  9.870560  -1.956131  -0.000000
20  -1.00  1.74  0.00  63  -74.679467  10.214184  4.935280  4.935280  0.048084  -0.048084  0.932459  9.870560  -1.956131  0.000000
20  -1.00  6.40  0.00  42  -268.800000  20.000000  0.000000  0.000000  0.000000  0.000000  -988140979764573481224634368.000000  0.000000  0.000000  0.000000
20  -1.00  0.19  0.00  42  -51.122774  -10.396886  16.369443  16.369443  13.131934  -13.131934  0.979637  32.738886  0.000000  0.000000
20  -1.00  0.19  0.00  63  -51.122777  -10.396886  16.369443  16.369443  13.131934  -13.131934  0.979637  32.738886  0.000000  0.000000
20  -1.00  1.57  0.00  42  -69.654533  6.642768  6.811896  6.811896  0.120166  -0.120166  0.951066  13.623792  -1.901044  -0.000000
20  -1.00  1.57  0.00  63  -69.654535  6.642768  6.811896  6.811896  0.120166  -0.120166  0.951066  13.623792  -1.901044  0.000000
20  -1.00  0.18  0.00  42  -51.122774  -10.396886  16.369443  16.369443  13.131934  -13.131934  0.979637  32.738886  0.000000  -0.000000
20  -1.00  0.18  0.00  63  -51.122777  -10.396886  16.369443  16.369443  13.131934  -13.131934  0.979637  32.738886  -0.000000  -0.000000
20  -1.00  0.40  0.00  42  -51.502854  -8.034441  15.235736  15.235736  1.607293  -1.607293  0.978122  30.471472  -0.374034  0.000000
20  -1.00  0.40  0.00  63  -51.502972  -8.034439  15.235735  15.235735  1.607272  -1.607272  0.978122  30.471471  -0.374034  0.000000
20  -1.00  0.40  0.00  84  -51.502972  -8.034439  15.235735  15.235735  1.607272  -1.607272  0.978122  30.471471  -0.374034  0.000000
20  -1.00  0.40  0.00  105  -51.502972  -8.034439  15.235735  15.235735  1.607272  -1.607272  0.978122  30.471471  -0.374034  0.000000
20  -1.00  0.12  0.00  42  -51.122774  -10.396886  16.369443  16.369443  13.131934  -13.131934  0.979637  32.738886  0.000000  -0.000000
20  -1.00  0.12  0.00  63  -51.122777  -10.396886  16.369443  16.369443  13.131934  -13.131934  0.979637  32.738886  0.000000  -0.000000
20  -1.00  10.00  0.00  42  -420.000000  20.000000  0.000000  0.000000  0.000000  -0.000000  -953747076546021105084661760.000000  0.000000  0.000000  0.000000
20  -1.00  0.50  0.00  42  -52.053720  -7.088983  13.917615  15.564349  -0.000000  0.000000  0.976050  29.481963  0.000000  0.000000
20  -1.00  0.50  0.00  63  -52.053834  -7.088981  13.917614  15.564349  0.000000  -0.000000  0.976050  29.481963  0.000000  0.000000
20  -1.00  0.50  0.00  84  -52.053835  -7.088981  13.917614  15.564349  -0.000000  0.000000  0.976050  29.481963  0.000000  -0.000000
20  -1.00  0.50  0.00  105  -52.053835  -7.088981  13.917614  15.564349  -0.000000  0.000000  0.976050  29.481963  -0.000000  -0.000000
20  -1.00  0.76  0.00  42  -54.338461  -4.216847  13.081440  13.081440  1.146809  -1.146809  0.974519  26.162880  -1.261748  -0.000000
20  -1.00  0.76  0.00  63  -54.338510  -4.216846  13.081440  13.081440  1.146809  -1.146809  0.974519  26.162880  -1.261748  0.000000
20  -1.00  0.76  0.00  84  -54.338511  -4.216846  13.081440  13.081440  1.146808  -1.146808  0.974519  26.162880  -1.261748  -0.000000
20  -1.00  1.06  0.00  42  -58.507335  -2.010619  11.747933  11.747933  0.752357  -0.752357  0.971626  23.495866  -1.515625  -0.000000
20  -1.00  1.06  0.00  63  -58.507366  -2.010618  11.747933  11.747933  0.752357  -0.752357  0.971626  23.495865  -1.515625  -0.000000
20  -1.00  1.06  0.00  84  -58.507367  -2.010618  11.747933  11.747933  0.752357  -0.752357  0.971626  23.495865  -1.515625  0.000000
20  -1.00  2.80  0.00  42  -117.600000  20.000000  0.000000  0.000000  0.000000  0.000000  -1465634442594515185479712768.000000  0.000000  0.000000  0.000000
20  -1.00  0.07  0.00  42  -51.122774  -10.396886  16.369443  16.369443  13.131934  -13.131934  0.979637  32.738886  -0.000000  0.000000
20  -1.00  0.07  0.00  63  -51.122777  -10.396886  16.369443  16.369443  13.131934  -13.131934  0.979637  32.738886  -0.000000  0.000000
20  -1.00  7.30  0.00  42  -306.600000  20.000000  0.000000  0.000000  0.000000  -0.000000  -778064829374404565605023744.000000  0.000000  -0.000000  -0.000000
20  -1.00  1.97  0.00  42  -82.740000  20.000000  0.000000  0.000000  0.000000  -0.000000  -37089214264986818045804544.000000  0.000000  0.000000  0.000000
20  -1.00  0.49  0.00  42  -51.993720  -7.088983  13.917615  15.564349  -0.000000  0.000000  0.976050  29.481963  0.000000  0.000000
20  -1.00  0.49  0.00  63  -51.993834  -7.088981  13.917614  15.564349  0.000000  -0.000000  0.976050  29.481963  0.000000  0.000000
20  -1.00  0.49  0.00  84  -51.993835  -7.088981  13.917614  15.564349  -0.000000  0.000000  0.976050  29.481963  0.000000  0.000000
20  -1.00  0.49  0.00  105  -51.993835  -7.088981  13.917614  15.564349  -0.000000  0.000000  0.976050  29.481963  -0.000000  -0.000000
20  -1.00  5.00  0.00  42  -210.000000  20.000000  0.000000  0.000000  -0.000000  0.000000  -855867132769812311615471616.000000  0.000000  0.000000  0.000000
20  -1.00  8.20  0.00  42  -344.400000  20.000000  0.000000  0.000000  0.000000  0.000000  -782212435374348646865698816.000000  0.000000  0.000000  0.000000
20  -1.00  1.55  0.00  42  -69.094533  6.642768  6.811896  6.811896  0.120166  -0.120166  0.951066  13.623792  -1.901044  -0.000000
20  -1.00  1.55  0.00  63  -69.094535  6.642768  6.811896  6.811896  0.120166  -0.120166  0.951066  13.623792  -1.901044  0.000000
20  -1.00  0.42  0.00  42  -51.582854  -8.034441  15.235736  15.235736  1.607293  -1.607293  0.978122  30.471472  -0.374034  0.000000
20  -1.00  0.42  0.00  63  -51.582972  -8.034439  15.235735  15.235735  1.607272  -1.607272  0.978122  30.471471  -0.374034  0.000000
20  -1.00  0.42  0.00  84  -51.582972  -8.034439  15.235735  15.235735  1.607272  -1.607272  0.978122  30.471471  -0.374034  0.000000
20  -1.00  0.42  0.00  105  -51.582972  -8.034439  15.235735  15.235735  1.607272  -1.607272  0.978122  30.471471  -0.374034  0.000000
20  -1.00  0.23  0.00  42  -51.122774  -10.396886  16.369443  16.369443  -13.131934  13.131934  0.979637  32.738886  -0.000000  -0.000000
20  -1.00  0.23  0.00  63  -51.122777  -10.396886  16.369443  16.369443  -13.131934  13.131934  0.979637  32.738886  -0.000000  -0.000000
20  -1.00  9.30  0.00  42  -390.600000  20.000000  0.000000  0.000000  0.000000  -0.000000  -451658999438101941097332736.000000  0.000000  -0.000000  0.000000
20  -1.00  1.96  0.00  42  -82.320000  20.000000  0.000000  0.000000  -0.000000  0.000000  -603212635658828688392192.000000  0.000000  0.000000  0.000000
20  -1.00  7.00  0.00  42  -294.000000  20.000000  0.000000  0.000000  0.000000  0.000000  -809588138878394181407997952.000000  0.000000  0.000000  0.000000
20  -1.00  2.60  0.00  42  -109.200000  20.000000  0.000000  0.000000  0.000000  -0.000000  -166397185988504982768320512.000000  0.000000  0.000000  0.000000
20  -1.00  1.75  0.00  42  -74.999467  10.214184  4.935280  4.935280  -0.048084  0.048084  0.932459  9.870560  1.956131  -0.000000
20  -1.00  1.75  0.00  63  -74.999467  10.214184  4.935280  4.935280  -0.048084  0.048084  0.932459  9.870560  1.956131  -0.000000
20  -1.00  0.45  0.00  42  -51.753720  -7.088983  15.564349  13.917615  0.000000  -0.000000  0.978584  29.481963  -0.000000  0.000000
20  -1.00  0.45  0.00  63  -51.753834  -7.088981  15.564349  13.917614  -0.000000  0.000000  0.978584  29.481963  -0.000000  0.000000
20  -1.00  0.45  0.00  84  -51.753835  -7.088981  15.564349  13.917614  0.000000  -0.000000  0.978584  29.481963  -0.000000  0.000000
20  -1.00  0.45  0.00  105  -51.753835  -7.088981  15.564349  13.917614  0.000000  -0.000000  0.978584  29.481963  0.000000  0.000000
20  -1.00  1.53  0.00  42  -68.576752  4.977903  7.780697  7.648258  -0.000000  0.000000  0.957159  15.428955  -0.000000  0.000000
20  -1.00  1.53  0.00  63  -68.576757  4.977903  7.780697  7.648258  -0.000000  -0.000000  0.957159  15.428955  -0.000000  -0.000000
20  -1.00  0.47  0.00  42  -51.873719  -7.088983  15.564349  13.917615  0.000000  -0.000000  0.978584  29.481963  -0.000000  -0.000000
20  -1.00  0.47  0.00  63  -51.873834  -7.088981  15.564349  13.917614  -0.000000  0.000000  0.978584  29.481963  -0.000000  0.000000
20  -1.00  0.47  0.00  84  -51.873835  -7.088981  15.564349  13.917614  0.000000  -0.000000  0.978584  29.481963  -0.000000  0.000000
20  -1.00  0.47  0.00  105  -51.873835  -7.088981  15.564349  13.917614  0.000000  -0.000000  0.978584  29.481963  0.000000  -0.000000
20  -1.00  8.90  0.00  42  -373.800000  20.000000  0.000000  0.000000  0.000000  0.000000  -755928978197792459587584000.000000  0.000000  -0.000000  0.000000
20  -1.00  0.82  0.00  42  -55.058460  -4.216847  13.081440  13.081440  1.146809  -1.146809  0.974519  26.162880  -1.261748  -0.000000
20  -1.00  0.82  0.00  63  -55.058510  -4.216846  13.081440  13.081440  1.146809  -1.146809  0.974519  26.162880  -1.261748  -0.000000
20  -1.00  0.82  0.00  84  -55.058511  -4.216846  13.081440  13.081440  1.146808  -1.146808  0.974519  26.162880  -1.261748  -0.000000
20  -1.00  8.00  0.00  42  -336.000000  20.000000  0.000000  0.000000  0.000000  -0.000000  -563073430421384357914607616.000000  0.000000  -0.000000  0.000000
20  -1.00  1.65  0.00  42  -71.160760  8.390880  5.918250  5.850528  0.000000  0.000000  0.943677  11.768778  0.000000  0.000000
20  -1.00  1.65  0.00  63  -71.925913  8.390880  5.918250  5.850528  0.000000  -0.000000  0.943677  11.768778  0.000000  -0.000000
20  -1.00  1.63  0.00  42  -71.334533  6.642768  6.811896  6.811896  -0.120166  0.120166  0.951066  13.623792  1.901044  0.000000
20  -1.00  1.63  0.00  63  -71.334535  6.642768  6.811896  6.811896  -0.120166  0.120166  0.951066  13.623792  1.901044  0.000000
20  -1.00  1.13  0.00  42  -59.730492  -0.788876  10.840271  11.190095  0.000000  -0.000000  0.969250  22.030366  -0.000000  -0.000000
20  -1.00  1.13  0.00  63  -59.730518  -0.788876  10.840271  11.190095  0.000000  -0.000000  0.969250  22.030366  0.000000  0.000000
20  -1.00  1.13  0.00  84  -59.730518  -0.788876  10.840271  11.190095  0.000000  -0.000000  0.969250  22.030366  0.000000  0.000000
20  -1.00  0.88  0.00  42  -55.812262  -3.151146  12.155271  12.719879  0.000000  -0.000000  0.972577  24.875149  0.000000  -0.000000
20  -1.00  0.88  0.00  63  -55.812303  -3.151145  12.155270  12.719879  0.000000  -0.000000  0.972577  24.875149  0.000000  0.000000
20  -1.00  0.88  0.00  84  -55.812303  -3.151145  12.155270  12.719879  0.000000  -0.000000  0.972577  24.875149  0.000000  -0.000000
20  -1.00  1.72  0.00  42  -74.039467  10.214184  4.935280  4.935280  0.048084  -0.048084  0.932459  9.870560  -1.956131  -0.000000
20  -1.00  1.72  0.00  63  -74.039467  10.214184  4.935280  4.935280  0.048084  -0.048084  0.932459  9.870560  -1.956131  0.000000
20  -1.00  1.76  0.00  42  -75.319467  10.214184  4.935280  4.935280  -0.048084  0.048084  0.932459  9.870560  1.956131  0.000000
20  -1.00  1.76  0.00  63  -75.319467  10.214184  4.935280  4.935280  -0.048084  0.048084  0.932459  9.870560  1.956131  -0.000000
20  -1.00  0.16  0.00  42  -51.122774  -10.396886  16.369443  16.369443  13.131934  -13.131934  0.979637  32.738886  0.000000  0.000000
20  -1.00  0.16  0.00  63  -51.122777  -10.396886  16.369443  16.369443  13.131934  -13.131934  0.979637  32.738886  -0.000000  0.000000
20  -1.00  1.67  0.00  42  -72.525913  8.390880  5.918250  5.850528  0.000000  -0.000000  0.943677  11.768778  0.000000  0.000000
20  -1.00  1.67  0.00  63  -72.525913  8.390880  5.918250  5.850528  -0.000000  0.000000  0.943677  11.768778  -0.000000  -0.000000
20  -1.00  0.81  0.00  42  -54.938461  -4.216847  13.081440  13.081440  1.146809  -1.146809  0.974519  26.162880  -1.261748  -0.000000
20  -1.00  0.81  0.00  63  -54.938510  -4.216846  13.081440  13.081440  1.146809  -1.146809  0.974519  26.162880  -1.261748  0.000000
20  -1.00  0.81  0.00  84  -54.938511  -4.216846  13.081440  13.081440  1.146808  -1.146808  0.974519  26.162880  -1.261748  0.000000
20  -1.00  9.40  0.00  42  -394.800000  20.000000  0.000000  0.000000  0.000000  0.000000  -1782058182312154734899757056.000000  0.000000  -0.000000  0.000000
20  -1.00  1.33  0.00  42  -63.731574  1.914700  9.322705  9.542650  0.000000  -0.000000  0.964245  18.865355  0.000000  0.000000
20  -1.00  1.33  0.00  63  -63.731585  1.914701  9.322705  9.542650  -0.000000  0.000000  0.964245  18.865355  0.000000  0.000000
20  -1.00  1.33  0.00  84  -63.731585  1.914701  9.322705  9.542650  0.000000  -0.000000  0.964245  18.865355  0.000000  0.000000
20  -1.00  1.21  0.00  42  -61.229320  0.518561  10.242395  10.242395  0.456201  -0.456201  0.967456  20.484789  -1.692700  -0.000000
20  -1.00  1.21  0.00  63  -61.229338  0.518561  10.242395  10.242395  0.456201  -0.456201  0.967456  20.484789  -1.692700  0.000000
20  -1.00  1.21  0.00  84  -61.229338  0.518561  10.242395  10.242395  0.456201  -0.456201  0.967456  20.484789  -1.692700  -0.000000
20  -1.00  1.10  0.00  42  -59.190493  -0.788876  11.190095  10.840271  -0.000000  0.000000  0.970212  22.030366  0.000000  -0.000000
20  -1.00  1.10  0.00  63  -59.190518  -0.788876  11.190095  10.840271  -0.000000  0.000000  0.970212  22.030366  -0.000000  0.000000
20  -1.00  1.10  0.00  84  -59.190518  -0.788876  11.190095  10.840271  -0.000000  0.000000  0.970212  22.030366  -0.000000  0.000000
20  -1.00  1.84  0.00  42  -77.957770  14.038365  2.987196  2.987196  0.013330  -0.013330  0.888413  5.974393  -1.987156  0.000000
20  -1.00  8.10  0.00  42  -340.200000  20.000000  0.000000  0.000000  0.000000  0.000000  -1005979381890572861046784000.000000  0.000000  0.000000  0.000000
20  -1.00  1.09  0.00  42  -59.010493  -0.788876  10.840271  11.190095  0.000000  -0.000000  0.969250  22.030366  -0.000000  -0.000000
20  -1.00  1.09  0.00  63  -59.010518  -0.788876  10.840271  11.190095  0.000000  -0.000000  0.969250  22.030366  0.000000  0.000000
20  -1.00  1.09  0.00  84  -59.010518  -0.788876  10.840271  11.190095  0.000000  -0.000000  0.969250  22.030366  0.000000  -0.000000
20  -1.00  0.98  0.00  42  -57.227334  -2.010619  11.747933  11.747933  -0.752357  0.752357  0.971626  23.495866  1.515625  0.000000
20  -1.00  0.98  0.00  63  -57.227366  -2.010618  11.747933  11.747933  -0.752357  0.752357  0.971626  23.495865  1.515625  -0.000000
20  -1.00  0.98  0.00  84  -57.227367  -2.010618  11.747933  11.747933  -0.752357  0.752357  0.971626  23.495865  1.515625  0.000000
20  -1.00  1.91  0.00  42  -80.220000  20.000000  0.000000  0.000000  -0.000000  0.000000  -234273924508178641758191616.000000  0.000000  0.000000  0.000000
20  -1.00  5.40  0.00  42  -226.800000  20.000000  0.000000  0.000000  0.000000  0.000000  -339756493598665273677709312.000000  0.000000  -0.000000  0.000000
20  -1.00  0.13  0.00  42  -51.122774  -10.396886  16.369443  16.369443  13.131934  -13.131934  0.979637  32.738886  0.000000  -0.000000
20  -1.00  0.13  0.00  63  -51.122777  -10.396886  16.369443  16.369443  13.131934  -13.131934  0.979637  32.738886  0.000000  -0.000000
20  -1.00  0.59  0.00  42  -52.717856  -6.166054  14.228717  14.228717  1.618016  -1.618016  0.976573  28.457434  -0.892008  0.000000
20  -1.00  0.59  0.00  63  -52.717940  -6.166052  14.228717  14.228717  1.618010  -1.618010  0.976573  28.457433  -0.892007  0.000000
20  -1.00  0.59  0.00  84  -52.717941  -6.166052  14.228717  14.228717  1.618010  -1.618010  0.976573  28.457433  -0.892007  0.000000
20  -1.00  0.59  0.00  105  -52.717941  -6.166052  14.228717  14.228717  1.618010  -1.618010  0.976573  28.457433  -0.892007  0.000000
20  -1.00  0.21  0.00  42  -51.122774  -10.396886  16.369443  16.369443  13.131934  -13.131934  0.979637  32.738886  0.000000  -0.000000
20  -1.00  0.21  0.00  63  -51.122777  -10.396886  16.369443  16.369443  13.131934  -13.131934  0.979637  32.738886  -0.000000  -0.000000
20  -1.00  2.50  0.00  42  -105.000000  20.000000  0.000000  0.000000  0.000000  -0.000000  -152374497964267390531272704.000000  0.000000  -0.000000  0.000000
20  -1.00  8.30  0.00  42  -348.600000  20.000000  0.000000  0.000000  0.000000  0.000000  -2067190288355112695688593408.000000  0.000000  -0.000000  0.000000
20  -1.00  0.83  0.00  42  -55.178461  -4.216847  13.081440  13.081440  1.146809  -1.146809  0.974519  26.162880  -1.261748  0.000000
20  -1.00  0.83  0.00  63  -55.178510  -4.216846  13.081440  13.081440  1.146809  -1.146809  0.974519  26.162880  -1.261748  0.000000
20  -1.00  0.83  0.00  84  -55.178511  -4.216846  13.081440  13.081440  1.146808  -1.146808  0.974519  26.162880  -1.261748  0.000000
20  -1.00  0.55  0.00  42  -52.397856  -6.166054  14.228717  14.228717  1.618016  -1.618016  0.976573  28.457434  -0.892008  -0.000000
20  -1.00  0.55  0.00  63  -52.397940  -6.166052  14.228717  14.228717  1.618010  -1.618010  0.976573  28.457433  -0.892007  0.000000
20  -1.00  0.55  0.00  84  -52.397941  -6.166052  14.228717  14.228717  1.618010  -1.618010  0.976573  28.457433  -0.892007  0.000000
20  -1.00  0.55  0.00  105  -52.397941  -6.166052  14.228717  14.228717  1.618010  -1.618010  0.976573  28.457433  -0.892007  -0.000000
20  -1.00  1.20  0.00  42  -61.029320  0.518561  10.242395  10.242395  0.456201  -0.456201  0.967456  20.484789  -1.692700  0.000000
20  -1.00  1.20  0.00  63  -61.029338  0.518561  10.242395  10.242395  0.456201  -0.456201  0.967456  20.484789  -1.692700  -0.000000
20  -1.00  1.20  0.00  84  -61.029338  0.518561  10.242395  10.242395  0.456201  -0.456201  0.967456  20.484789  -1.692700  -0.000000
20  -1.00  6.20  0.00  42  -260.400000  20.000000  0.000000  0.000000  0.000000  -0.000000  -890207009985135404755451904.000000  0.000000  0.000000  -0.000000
20  -1.00  1.31  0.00  42  -63.291574  1.914700  9.542650  9.322705  -0.000000  0.000000  0.965069  18.865355  -0.000000  -0.000000
20  -1.00  1.31  0.00  63  -63.291585  1.914701  9.542650  9.322705  0.000000  -0.000000  0.965069  18.865355  -0.000000  0.000000
20  -1.00  1.31  0.00  84  -63.291585  1.914701  9.542650  9.322705  -0.000000  0.000000  0.965069  18.865355  -0.000000  0.000000
20  -1.00  0.67  0.00  42  -53.420877  -5.217010  14.150282  13.205813  0.000000  -0.000000  0.976443  27.356095  -0.000000  0.000000
20  -1.00  0.67  0.00  63  -53.420941  -5.217009  14.150282  13.205813  0.000000  -0.000000  0.976443  27.356095  -0.000000  -0.000000
20  -1.00  0.67  0.00  84  -53.420941  -5.217008  14.150282  13.205813  -0.000000  0.000000  0.976443  27.356095  -0.000000  0.000000
20  -1.00  0.67  0.00  105  -53.420941  -5.217008  14.150282  13.205813  0.000000  0.000000  0.976443  27.356095  0.000000  -0.000000
20  -1.00  1.39  0.00  42  -65.084897  3.401157  8.589056  8.589056  -0.250946  0.250946  0.961191  17.178112  1.816303  -0.000000
20  -1.00  1.39  0.00  63  -65.084905  3.401158  8.589056  8.589056  -0.250946  0.250946  0.961191  17.178112  1.816303  -0.000000
20  -1.00  1.39  0.00  84  -65.084905  3.401158  8.589056  8.589056  -0.250946  0.250946  0.961191  17.178112  1.816303  0.000000
20  -1.00  0.26  0.00  42  -51.122774  -10.396886  16.369443  16.369443  13.131934  -13.131934  0.979637  32.738886  -0.000000  0.000000
20  -1.00  0.26  0.00  63  -51.122777  -10.396886  16.369443  16.369443  13.131934  -13.131934  0.979637  32.738886  0.000000  0.000000
20  -1.00  0.58  0.00  42  -52.637856  -6.166054  14.228717  14.228717  -1.618016  1.618016  0.976573  28.457434  0.892008  0.000000
20  -1.00  0.58  0.00  63  -52.637940  -6.166052  14.228717  14.228717  -1.618010  1.618010  0.976573  28.457433  0.892007  0.000000
20  -1.00  0.58  0.00  84  -52.637941  -6.166052  14.228717  14.228717  -1.618010  1.618010  0.976573  28.457433  0.892007  -0.000000
20  -1.00  0.58  0.00  105  -52.637941  -6.166052  14.228717  14.228717  -1.618010  1.618010  0.976573  28.457433  0.892007  0.000000
20  -1.00  5.70  0.00  42  -239.400000  20.000000  0.000000  0.000000  0.000000  0.000000  -1027719355913260086341926912.000000  0.000000  -0.000000  0.000000
20  -1.00  6.90  0.00  42  -289.800000  20.000000  0.000000  0.000000  0.000000  0.000000  -638068268384187532114395136.000000  0.000000  0.000000  0.000000
20  -1.00  5.50  0.00  42  -231.000000  20.000000  0.000000  0.000000  0.000000  0.000000  -1909982574076117717337767936.000000  0.000000  0.000000  0.000000
20  -1.00  0.33  0.00  42  -51.235383  -9.096769  17.135415  14.380994  0.000000  -0.000000  0.980547  31.516409  0.000000  0.000000
20  -1.00  0.33  0.00  63  -51.235415  -9.096768  17.135414  14.380994  0.000000  -0.000000  0.980547  31.516408  -0.000000  0.000000
20  -1.00  0.33  0.00  84  -51.235415  -9.096768  17.135414  14.380994  -0.000000  0.000000  0.980547  31.516408  0.000000  0.000000
20  -1.00  0.85  0.00  42  -55.418461  -4.216847  13.081440  13.081440  -1.146809  1.146809  0.974519  26.162880  1.261748  0.000000
20  -1.00  0.85  0.00  63  -55.418510  -4.216846  13.081440  13.081440  -1.146809  1.146809  0.974519  26.162880  1.261748  0.000000
20  -1.00  0.85  0.00  84  -55.418511  -4.216846  13.081440  13.081440  -1.146808  1.146808  0.974519  26.162880  1.261748  0.000000
20  -1.00  1.70  0.00  42  -73.205245  8.390880  5.850528  5.918250  -0.000000  0.000000  0.943025  11.768778  -0.000000  -0.000000
20  -1.00  1.70  0.00  63  -73.425913  8.390880  5.850528  5.918250  -0.000000  0.000000  0.943025  11.768778  -0.000000  -0.000000
20  -1.00  0.06  0.00  42  -51.122774  -10.396886  16.369443  16.369443  13.131934  -13.131934  0.979637  32.738886  -0.000000  -0.000000
20  -1.00  0.06  0.00  63  -51.122777  -10.396886  16.369443  16.369443  13.131934  -13.131934  0.979637  32.738886  0.000000  -0.000000
20  -1.00  0.56  0.00  42  -52.477856  -6.166054  14.228717  14.228717  -1.618016  1.618016  0.976573  28.457434  0.892008  0.000000
20  -1.00  0.56  0.00  63  -52.477940  -6.166052  14.228717  14.228717  -1.618010  1.618010  0.976573  28.457433  0.892007  -0.000000
20  -1.00  0.56  0.00  84  -52.477941  -6.166052  14.228717  14.228717  -1.618010  1.618010  0.976573  28.457433  0.892007  0.000000
20  -1.00  0.56  0.00  105  -52.477941  -6.166052  14.228717  14.228717  -1.618010  1.618010  0.976573  28.457433  0.892007  -0.000000
20  -1.00  1.01  0.00  42  -57.707334  -2.010619  11.747933  11.747933  0.752357  -0.752357  0.971626  23.495866  -1.515625  -0.000000
20  -1.00  1.01  0.00  63  -57.707366  -2.010618  11.747933  11.747933  0.752357  -0.752357  0.971626  23.495865  -1.515625  0.000000
20  -1.00  1.01  0.00  84  -57.707367  -2.010618  11.747933  11.747933  0.752357  -0.752357  0.971626  23.495865  -1.515625  -0.000000
20  -1.00  3.20  0.00  42  -134.400000  20.000000  0.000000  0.000000  0.000000  0.000000  -233307254102885178814758912.000000  0.000000  0.000000  0.000000
20  -1.00  0.78  0.00  42  -54.578460  -4.216847  13.081440  13.081440  -1.146809  1.146809  0.974519  26.162880  1.261748  0.000000
20  -1.00  0.78  0.00  63  -54.578510  -4.216846  13.081440  13.081440  -1.146809  1.146809  0.974519  26.162880  1.261748  0.000000
20  -1.00  0.78  0.00  84  -54.578511  -4.216846  13.081440  13.081440  -1.146808  1.146808  0.974519  26.162880  1.261748  0.000000
20  -1.00  0.99  0.00  42  -57.387335  -2.010619  11.747933  11.747933  0.752357  -0.752357  0.971626  23.495866  -1.515625  -0.000000
20  -1.00  0.99  0.00  63  -57.387366  -2.010618  11.747933  11.747933  0.752357  -0.752357  0.971626  23.495865  -1.515625  -0.000000
20  -1.00  0.99  0.00  84  -57.387367  -2.010618  11.747933  11.747933  0.752357  -0.752357  0.971626  23.495865  -1.515625  0.000000
20  -1.00  0.34  0.00  42  -51.262854  -8.034441  15.235736  15.235736  1.607293  -1.607293  0.978122  30.471472  -0.374034  0.000000
20  -1.00  0.34  0.00  63  -51.262972  -8.034439  15.235735  15.235735  1.607272  -1.607272  0.978122  30.471471  -0.374034  0.000000
20  -1.00  0.34  0.00  84  -51.262972  -8.034439  15.235735  15.235735  1.607272  -1.607272  0.978122  30.471471  -0.374034  0.000000
20  -1.00  0.34  0.00  105  -51.262972  -8.034439  15.235735  15.235735  1.607272  -1.607272  0.978122  30.471471  -0.374034  0.000000
20  -1.00  1.88  0.00  42  -79.296962  16.015442  1.994206  1.994206  -0.007932  0.007932  0.832849  3.988412  0.000000  0.000000
20  -1.00  0.65  0.00  42  -53.220876  -5.217010  14.150282  13.205813  0.000000  -0.000000  0.976443  27.356095  -0.000000  0.000000
20  -1.00  0.65  0.00  63  -53.220941  -5.217009  14.150282  13.205813  0.000000  -0.000000  0.976443  27.356095  -0.000000  -0.000000
20  -1.00  0.65  0.00  84  -53.220941  -5.217008  14.150282  13.205813  -0.000000  0.000000  0.976443  27.356095  -0.000000  -0.000000
20  -1.00  0.65  0.00  105  -53.220941  -5.217008  14.150282  13.205813  0.000000  0.000000  0.976443  27.356095  0.000000  -0.000000
20  -1.00  1.85  0.00  42  -77.700000  20.000000  0.000000  0.000000  0.000000  -0.000000  -13968254469879631064334336.000000  0.000000  -0.000000  0.000000
20  -1.00  9.70  0.00  42  -407.400000  20.000000  0.000000  0.000000  0.000000  -0.000000  -1799344678220043239659929600.000000  0.000000  -0.000000  -0.000000
20  -1.00  0.69  0.00  42  -53.620877  -5.217010  14.150282  13.205813  0.000000  -0.000000  0.976443  27.356095  -0.000000  0.000000
20  -1.00  0.69  0.00  63  -53.620941  -5.217009  14.150282  13.205813  0.000000  -0.000000  0.976443  27.356095  -0.000000  -0.000000
20  -1.00  0.69  0.00  84  -53.620941  -5.217008  14.150282  13.205813  -0.000000  0.000000  0.976443  27.356095  -0.000000  -0.000000
20  -1.00  0.69  0.00  105  -53.620941  -5.217008  14.150282  13.205813  0.000000  0.000000  0.976443  27.356095  0.000000  -0.000000
20  -1.00  1.32  0.00  42  -63.511574  1.914700  9.322705  9.542650  0.000000  -0.000000  0.964245  18.865355  0.000000  0.000000
20  -1.00  1.32  0.00  63  -63.511585  1.914701  9.322705  9.542650  -0.000000  0.000000  0.964245  18.865355  0.000000  0.000000
20  -1.00  1.32  0.00  84  -63.511585  1.914701  9.322705  9.542650  0.000000  -0.000000  0.964245  18.865355  0.000000  0.000000
20  -1.00  7.50  0.00  42  -315.000000  20.000000  0.000000  0.000000  0.000000  0.000000  -1909368263134062067333464064.000000  0.000000  0.000000  0.000000
20  -1.00  1.11  0.00  42  -59.370493  -0.788876  11.190095  10.840271  -0.000000  0.000000  0.970212  22.030366  0.000000  -0.000000
20  -1.00  1.11  0.00  63  -59.370518  -0.788876  11.190095  10.840271  -0.000000  0.000000  0.970212  22.030366  -0.000000  -0.000000
20  -1.00  1.11  0.00  84  -59.370518  -0.788876  11.190095  10.840271  -0.000000  0.000000  0.970212  22.030366  -0.000000  -0.000000
20  -1.00  0.90  0.00  42  -56.092262  -3.151146  12.155271  12.719879  0.000000  -0.000000  0.972577  24.875149  0.000000  -0.000000
20  -1.00  0.90  0.00  63  -56.092303  -3.151145  12.155270  12.719879  0.000000  -0.000000  0.972577  24.875149  0.000000  0.000000
20  -1.00  0.90  0.00  84  -56.092303  -3.151145  12.155270  12.719879  0.000000  -0.000000  0.972577  24.875149  0.000000  0.000000
20  -1.00  1.19  0.00  42  -60.829321  0.518561  10.242395  10.242395  -0.456201  0.456201  0.967456  20.484789  1.692700  -0.000000
20  -1.00  1.19  0.00  63  -60.829338  0.518561  10.242395  10.242395  -0.456201  0.456201  0.967456  20.484789  1.692700  -0.000000
20  -1.00  1.19  0.00  84  -60.829338  0.518561  10.242395  10.242395  -0.456201  0.456201  0.967456  20.484789  1.692700  -0.000000
20  -1.00  0.10  0.00  42  -51.122774  -10.396886  16.369443  16.369443  -13.131934  13.131934  0.979637  32.738886  -0.000000  0.000000
20  -1.00  0.10  0.00  63  -51.122777  -10.396886  16.369443  16.369443  -13.131934  13.131934  0.979637  32.738886  0.000000  0.000000
20  -1.00  4.40  0.00  42  -184.800000  20.000000  0.000000  0.000000  0.000000  -0.000000  -554967710374094621053550592.000000  0.000000  -0.000000  0.000000
20  -1.00  1.43  0.00  42  -66.044897  3.401157  8.589056  8.589056  -0.250946  0.250946  0.961191  17.178112  1.816303  0.000000
20  -1.00  1.43  0.00  63  -66.044905  3.401158  8.589056  8.589056  -0.250946  0.250946  0.961191  17.178112  1.816303  -0.000000
20  -1.00  1.43  0.00  84  -66.044905  3.401158  8.589056  8.589056  -0.250946  0.250946  0.961191  17.178112  1.816303  -0.000000
20  -1.00  0.66  0.00  42  -53.320877  -5.217010  13.205813  14.150282  -0.000000  0.000000  0.974759  27.356095  0.000000  0.000000
20  -1.00  0.66  0.00  63  -53.320941  -5.217009  13.205813  14.150282  -0.000000  0.000000  0.974759  27.356095  0.000000  -0.000000
20  -1.00  0.66  0.00  84  -53.320941  -5.217008  13.205813  14.150282  0.000000  -0.000000  0.974759  27.356095  0.000000  -0.000000
20  -1.00  0.66  0.00  105  -53.320941  -5.217008  13.205813  14.150282  0.000000  0.000000  0.974759  27.356095  -0.000000  -0.000000
20  -1.00  0.15  0.00  42  -51.122774  -10.396886  16.369443  16.369443  13.131934  -13.131934  0.979637  32.738886  0.000000  -0.000000
20  -1.00  0.15  0.00  63  -51.122777  -10.396886  16.369443  16.369443  13.131934  -13.131934  0.979637  32.738886  0.000000  -0.000000
20  -1.00  1.64  0.00  42  -71.625913  8.390880  5.918250  5.850528  0.000000  -0.000000  0.943677  11.768778  0.000000  0.000000
20  -1.00  1.64  0.00  63  -71.625913  8.390880  5.918250  5.850528  0.000000  -0.000000  0.943677  11.768778  -0.000000  -0.000000
20  -1.00  1.47  0.00  42  -67.016752  4.977903  7.780697  7.648258  -0.000000  0.000000  0.957159  15.428955  -0.000000  -0.000000
20  -1.00  1.47  0.00  63  -67.016757  4.977903  7.780697  7.648258  -0.000000  -0.000000  0.957159  15.428955  -0.000000  0.000000
20  -1.00  1.50  0.00  42  -67.796752  4.977903  7.780697  7.648258  -0.000000  0.000000  0.957159  15.428955  -0.000000  0.000000
20  -1.00  1.50  0.00  63  -67.796757  4.977903  7.780697  7.648258  -0.000000  -0.000000  0.957159  15.428955  -0.000000  0.000000
20  -1.00  0.62  0.00  42  -52.957856  -6.166054  14.228717  14.228717  -1.618016  1.618016  0.976573  28.457434  0.892008  -0.000000
20  -1.00  0.62  0.00  63  -52.957940  -6.166052  14.228717  14.228717  -1.618010  1.618010  0.976573  28.457433  0.892007  -0.000000
20  -1.00  0.62  0.00  84  -52.957941  -6.166052  14.228717  14.228717  -1.618010  1.618010  0.976573  28.457433  0.892007  0.000000
20  -1.00  0.62  0.00  105  -52.957941  -6.166052  14.228717  14.228717  -1.618010  1.618010  0.976573  28.457433  0.892007  0.000000
20  -1.00  1.51  0.00  42  -68.056752  4.977903  7.648258  7.780697  0.000000  -0.000000  0.956417  15.428955  0.000000  -0.000000
20  -1.00  1.51  0.00  63  -68.056757  4.977903  7.648258  7.780697  -0.000000  -0.000000  0.956417  15.428955  0.000000  0.000000
20  -1.00  1.18  0.00  42  -60.629320  0.518561  10.242395  10.242395  0.456201  -0.456201  0.967456  20.484789  -1.692700  -0.000000
20  -1.00  1.18  0.00  63  -60.629338  0.518561  10.242395  10.242395  0.456201  -0.456201  0.967456  20.484789  -1.692700  0.000000
20  -1.00  1.18  0.00  84  -60.629338  0.518561  10.242395  10.242395  0.456201  -0.456201  0.967456  20.484789  -1.692700  -0.000000
20  -1.00  0.97  0.00  42  -57.067334  -2.010619  11.747933  11.747933  0.752357  -0.752357  0.971626  23.495866  -1.515625  -0.000000
20  -1.00  0.97  0.00  63  -57.067366  -2.010618  11.747933  11.747933  0.752357  -0.752357  0.971626  23.495865  -1.515625  -0.000000
20  -1.00  0.97  0.00  84  -57.067367  -2.010618  11.747933  11.747933  0.752357  -0.752357  0.971626  23.495865  -1.515625  -0.000000
20  -1.00  0.02  0.00  42  -51.122774  -10.396886  16.369443  16.369443  -13.131934  13.131934  0.979637  32.738886  -0.000000  0.000000
20  -1.00  0.02  0.00  63  -51.122777  -10.396886  16.369443  16.369443  -13.131934  13.131934  0.979637  32.738886  0.000000  0.000000
20  -1.00  1.14  0.00  42  -59.910493  -0.788876  11.190095  10.840271  -0.000000  0.000000  0.970212  22.030366  0.000000  0.000000
20  -1.00  1.14  0.00  63  -59.910518  -0.788876  11.190095  10.840271  -0.000000  0.000000  0.970212  22.030366  -0.000000  -0.000000
20  -1.00  1.14  0.00  84  -59.910518  -0.788876  11.190095  10.840271  -0.000000  0.000000  0.970212  22.030366  -0.000000  0.000000
20  -1.00  0.05  0.00  42  -51.122774  -10.396886  16.369443  16.369443  -13.131934  13.131934  0.979637  32.738886  -0.000000  0.000000
20  -1.00  0.05  0.00  63  -51.122777  -10.396886  16.369443  16.369443  -13.131934  13.131934  0.979637  32.738886  0.000000  0.000000
20  -1.00  3.40  0.00  42  -142.800000  20.000000  0.000000  0.000000  -0.000000  0.000000  -417839379545775407036891136.000000  0.000000  0.000000  0.000000
20  -1.00  5.20  0.00  42  -218.400000  20.000000  0.000000  0.000000  0.000000  -0.000000  -673989914753810135521427456.000000  0.000000  0.000000  0.000000
20  -1.00  3.30  0.00  42  -138.600000  20.000000  0.000000  0.000000  -0.000000  0.000000  -321254736912789835788320768.000000  0.000000  -0.000000  0.000000
20  -1.00  6.10  0.00  42  -256.200000  20.000000  0.000000  0.000000  0.000000  0.000000  -659563407082585017689309184.000000  0.000000  -0.000000  0.000000
20  -1.00  1.24  0.00  42  -61.829321  0.518561  10.242395  10.242395  -0.456201  0.456201  0.967456  20.484789  1.692700  0.000000
20  -1.00  1.24  0.00  63  -61.829338  0.518561  10.242395  10.242395  -0.456201  0.456201  0.967456  20.484789  1.692700  0.000000
20  -1.00  1.24  0.00  84  -61.829338  0.518561  10.242395  10.242395  -0.456201  0.456201  0.967456  20.484789  1.692700  -0.000000
20  -1.00  4.10  0.00  42  -172.200000  20.000000  0.000000  0.000000  0.000000  -0.000000  -336383743136409028021714944.000000  0.000000  0.000000  0.000000
20  -1.00  1.41  0.00  42  -65.564897  3.401157  8.589056  8.589056  -0.250946  0.250946  0.961191  17.178112  1.816303  -0.000000
20  -1.00  1.41  0.00  63  -65.564905  3.401158  8.589056  8.589056  -0.250946  0.250946  0.961191  17.178112  1.816303  -0.000000
20  -1.00  1.41  0.00  84  -65.564905  3.401158  8.589056  8.589056  -0.250946  0.250946  0.961191  17.178112  1.816303  -0.000000
20  -1.00  0.71  0.00  42  -53.820877  -5.217010  14.150282  13.205813  0.000000  -0.000000  0.976443  27.356095  -0.000000  -0.000000
20  -1.00  0.71  0.00  63  -53.820941  -5.217009  14.150282  13.205813  0.000000  -0.000000  0.976443  27.356095  -0.000000  0.000000
20  -1.00  0.71  0.00  84  -53.820941  -5.217008  14.150282  13.205813  -0.000000  0.000000  0.976443  27.356095  -0.000000  0.000000
20  -1.00  0.71  0.00  105  -53.820941  -5.217008  14.150282  13.205813  0.000000  -0.000000  0.976443  27.356095  0.000000  0.000000
20  -1.00  0.36  0.00  42  -51.342854  -8.034441  15.235736  15.235736  1.607293  -1.607293  0.978122  30.471472  -0.374034  0.000000
20  -1.00  0.36  0.00  63  -51.342972  -8.034439  15.235735  15.235735  1.607272  -1.607272  0.978122  30.471471  -0.374034  0.000000
20  -1.00  0.36  0.00  84  -51.342972  -8.034439  15.235735  15.235735  1.607272  -1.607272  0.978122  30.471471  -0.374034  0.000000
20  -1.00  0.36  0.00  105  -51.342972  -8.034439  15.235735  15.235735  1.607272  -1.607272  0.978122  30.471471  -0.374034  0.000000
20  -1.00  1.60  0.00  42  -70.494533  6.642768  6.811896  6.811896  -0.120166  0.120166  0.951066  13.623792  1.901044  -0.000000
20  -1.00  1.60  0.00  63  -70.494535  6.642768  6.811896  6.811896  -0.120166  0.120166  0.951066  13.623792  1.901044  -0.000000
20  -1.00  1.07  0.00  42  -58.667335  -2.010619  11.747933  11.747933  0.752357  -0.752357  0.971626  23.495866  -1.515625  -0.000000
20  -1.00  1.07  0.00  63  -58.667366  -2.010618  11.747933  11.747933  0.752357  -0.752357  0.971626  23.495865  -1.515625  -0.000000
20  -1.00  1.07  0.00  84  -58.667367  -2.010618  11.747933  11.747933  0.752357  -0.752357  0.971626  23.495865  -1.515625  0.000000
20  -1.00  7.10  0.00  42  -298.200000  20.000000  0.000000  0.000000  0.000000  0.000000  -597488615447074759579271168.000000  0.000000  -0.000000  0.000000
20  -1.00  2.30  0.00  42  -96.600000  20.000000  0.000000  0.000000  0.000000  -0.000000  -361923848887597889061126144.000000  0.000000  0.000000  0.000000
20  -1.00  0.11  0.00  42  -51.122774  -10.396886  16.369443  16.369443  13.131934  -13.131934  0.979637  32.738886  -0.000000  -0.000000
20  -1.00  0.11  0.00  63  -51.122777  -10.396886  16.369443  16.369443  13.131934  -13.131934  0.979637  32.738886  -0.000000  -0.000000
20  -1.00  8.50  0.00  42  -357.000000  20.000000  0.000000  0.000000  0.000000  0.000000  -959939375234352107780833280.000000  0.000000  0.000000  0.000000
20  -1.00  1.89  0.00  42  -79.660296  16.018224  1.997726  1.988597  -0.000000  0.000000  0.833144  3.986324  -0.000000  0.000000
20  -1.00  0.87  0.00  42  -55.672262  -3.151146  12.155271  12.719879  0.000000  -0.000000  0.972577  24.875149  0.000000  0.000000
20  -1.00  0.87  0.00  63  -55.672303  -3.151145  12.155270  12.719879  0.000000  -0.000000  0.972577  24.875149  0.000000  0.000000
20  -1.00  0.87  0.00  84  -55.672303  -3.151145  12.155270  12.719879  0.000000  -0.000000  0.972577  24.875149  0.000000  0.000000
20  -1.00  9.90  0.00  42  -415.800000  20.000000  0.000000  0.000000  0.000000  0.000000  -620663176884704196150951936.000000  0.000000  0.000000  0.000000
20  -1.00  0.93  0.00  42  -56.512262  -3.151146  12.719879  12.155271  -0.000000  0.000000  0.973794  24.875149  -0.000000  -0.000000
20  -1.00  0.93  0.00  63  -56.512303  -3.151145  12.719879  12.155270  -0.000000  0.000000  0.973794  24.875149  -0.000000  -0.000000
20  -1.00  0.93  0.00  84  -56.512303  -3.151145  12.719879  12.155270  -0.000000  0.000000  0.973794  24.875149  -0.000000  -0.000000
20  -1.00  2.00  0.00  42  -84.000000  20.000000  0.000000  0.000000  0.000000  0.000000  -131509083654782864095969280.000000  0.000000  0.000000  0.000000
20  -1.00  0.01  0.00  42  -51.122774  -10.396886  16.369443  16.369443  -13.131934  13.131934  0.979637  32.738886  0.000000  -0.000000
20  -1.00  0.01  0.00  63  -51.122777  -10.396886  16.369443  16.369443  -13.131934  13.131934  0.979637  32.738886  0.000000  -0.000000
20  -1.00  7.40  0.00  42  -310.800000  20.000000  0.000000  0.000000  0.000000  0.000000  -432032758915715627055316992.000000  0.000000  0.000000  0.000000
20  -1.00  2.20  0.00  42  -92.400000  20.000000  0.000000  0.000000  0.000000  -0.000000  -521478852380784467065700352.000000  0.000000  -0.000000  0.000000
20  -1.00  1.00  0.00  42  -57.547335  -2.010619  11.747933  11.747933  -0.752357  0.752357  0.971626  23.495866  1.515625  -0.000000
20  -1.00  1.00  0.00  63  -57.547366  -2.010618  11.747933  11.747933  -0.752357  0.752357  0.971626  23.495865  1.515625  0.000000
20  -1.00  1.00  0.00  84  -57.547367  -2.010618  11.747933  11.747933  -0.752357  0.752357  0.971626  23.495865  1.515625  0.000000
20  -1.00  0.74  0.00  42  -54.120877  -5.217010  14.150282  13.205813  0.000000  -0.000000  0.976443  27.356095  -0.000000  -0.000000
20  -1.00  0.74  0.00  63  -54.120941  -5.217009  14.150282  13.205813  0.000000  -0.000000  0.976443  27.356095  -0.000000  0.000000
20  -1.00  0.74  0.00  84  -54.120941  -5.217008  14.150282  13.205813  -0.000000  0.000000  0.976443  27.356095  -0.000000  -0.000000
20  -1.00  0.74  0.00  105  -54.120941  -5.217008  14.150282  13.205813  0.000000  -0.000000  0.976443  27.356095  0.000000  0.000000
20  -1.00  0.08  0.00  42  -51.122774  -10.396886  16.369443  16.369443  -13.131934  13.131934  0.979637  32.738886  0.000000  -0.000000
20  -1.00  0.08  0.00  63  -51.122777  -10.396886  16.369443  16.369443  -13.131934  13.131934  0.979637  32.738886  0.000000  -0.000000
20  -1.00  1.17  0.00  42  -60.450493  -0.788876  10.840271  11.190095  0.000000  -0.000000  0.969250  22.030366  -0.000000  -0.000000
20  -1.00  1.17  0.00  63  -60.450518  -0.788876  10.840271  11.190095  0.000000  -0.000000  0.969250  22.030366  0.000000  -0.000000
20  -1.00  1.17  0.00  84  -60.450518  -0.788876  10.840271  11.190095  0.000000  -0.000000  0.969250  22.030366  0.000000  0.000000
20  -1.00  0.04  0.00  42  -51.122774  -10.396886  16.369443  16.369443  -13.131934  13.131934  0.979637  32.738886  -0.000000  0.000000
20  -1.00  0.04  0.00  63  -51.122777  -10.396886  16.369443  16.369443  -13.131934  13.131934  0.979637  32.738886  -0.000000  0.000000
20  -1.00  1.28  0.00  42  -62.631574  1.914700  9.542650  9.322705  -0.000000  0.000000  0.965069  18.865355  -0.000000  -0.000000
20  -1.00  1.28  0.00  63  -62.631585  1.914701  9.542650  9.322705  0.000000  -0.000000  0.965069  18.865355  -0.000000  0.000000
20  -1.00  1.28  0.00  84  -62.631585  1.914701  9.542650  9.322705  -0.000000  0.000000  0.965069  18.865355  -0.000000  -0.000000
20  -1.00  1.77  0.00  42  -75.551952  12.115844  3.963661  3.963660  -0.031392  0.031391  0.915903  7.927322  0.000001  0.000000
20  -1.00  1.46  0.00  42  -66.756752  4.977903  7.780697  7.648258  -0.000000  0.000000  0.957159  15.428955  -0.000000  0.000000
20  -1.00  1.46  0.00  63  -66.756757  4.977903  7.780697  7.648258  -0.000000  -0.000000  0.957159  15.428955  -0.000000  0.000000
20  -1.00  1.08  0.00  42  -58.830493  -0.788876  11.190095  10.840271  -0.000000  0.000000  0.970212  22.030366  0.000000  0.000000
20  -1.00  1.08  0.00  63  -58.830518  -0.788876  11.190095  10.840271  -0.000000  0.000000  0.970212  22.030366  -0.000000  -0.000000
20  -1.00  1.08  0.00  84  -58.830518  -0.788876  11.190095  10.840271  -0.000000  0.000000  0.970212  22.030366  -0.000000  -0.000000
20  -1.00  0.46  0.00  42  -51.813720  -7.088983  13.917615  15.564349  -0.000000  0.000000  0.976050  29.481963  0.000000  -0.000000
20  -1.00  0.46  0.00  63  -51.813834  -7.088981  13.917614  15.564349  0.000000  -0.000000  0.976050  29.481963  0.000000  -0.000000
20  -1.00  0.46  0.00  84  -51.813835  -7.088981  13.917614  15.564349  -0.000000  0.000000  0.976050  29.481963  0.000000  0.000000
20  -1.00  0.46  0.00  105  -51.813835  -7.088981  13.917614  15.564349  -0.000000  0.000000  0.976050  29.481963  -0.000000  0.000000
20  -1.00  2.90  0.00  42  -121.800000  20.000000  0.000000  0.000000  0.000000  0.000000  -212585523148798823992655872.000000  0.000000  -0.000000  0.000000
20  -1.00  3.50  0.00  42  -147.000000  20.000000  0.000000  0.000000  0.000000  0.000000  -513214491018090978723495936.000000  0.000000  -0.000000  0.000000
20  -1.00  0.48  0.00  42  -51.933720  -7.088983  15.564349  13.917615  0.000000  -0.000000  0.978584  29.481963  -0.000000  0.000000
20  -1.00  0.48  0.00  63  -51.933834  -7.088981  15.564349  13.917614  -0.000000  0.000000  0.978584  29.481963  -0.000000  -0.000000
20  -1.00  0.48  0.00  84  -51.933835  -7.088981  15.564349  13.917614  0.000000  -0.000000  0.978584  29.481963  -0.000000  -0.000000
20  -1.00  0.48  0.00  105  -51.933835  -7.088981  15.564349  13.917614  0.000000  -0.000000  0.978584  29.481963  0.000000  0.000000
20  -1.00  0.22  0.00  42  -51.122774  -10.396886  16.369443  16.369443  -13.131934  13.131934  0.979637  32.738886  -0.000000  0.000000
20  -1.00  0.22  0.00  63  -51.122777  -10.396886  16.369443  16.369443  -13.131934  13.131934  0.979637  32.738886  -0.000000  0.000000
20  -1.00  4.70  0.00  42  -197.400000  20.000000  0.000000  0.000000  0.000000  -0.000000  -422605420050380150424993792.000000  0.000000  -0.000000  0.000000
20  -1.00  0.80  0.00  42  -54.818461  -4.216847  13.081440  13.081440  -1.146809  1.146809  0.974519  26.162880  1.261748  0.000000
20  -1.00  0.80  0.00  63  -54.818510  -4.216846  13.081440  13.081440  -1.146809  1.146809  0.974519  26.162880  1.261748  -0.000000
20  -1.00  0.80  0.00  84  -54.818511  -4.216846  13.081440  13.081440  -1.146808  1.146808  0.974519  26.162880  1.261748  -0.000000
20  -1.00  0.79  0.00  42  -54.698461  -4.216847  13.081440  13.081440  -1.146809  1.146809  0.974519  26.162880  1.261748  0.000000
20  -1.00  0.79  0.00  63  -54.698510  -4.216846  13.081440  13.081440  -1.146809  1.146809  0.974519  26.162880  1.261748  0.000000
20  -1.00  0.79  0.00  84  -54.698511  -4.216846  13.081440  13.081440  -1.146808  1.146808  0.974519  26.162880  1.261748  0.000000
20  -1.00  5.30  0.00  42  -222.600000  20.000000  0.000000  0.000000  -0.000000  0.000000  -106212447470285852311027712.000000  0.000000  0.000000  0.000000
20  -1.00  0.09  0.00  42  -51.122774  -10.396886  16.369443  16.369443  13.131934  -13.131934  0.979637  32.738886  0.000000  -0.000000
20  -1.00  0.09  0.00  63  -51.122777  -10.396886  16.369443  16.369443  13.131934  -13.131934  0.979637  32.738886  0.000000  -0.000000
20  -1.00  0.96  0.00  42  -56.932262  -3.151146  12.719879  12.155271  -0.000000  0.000000  0.973794  24.875149  -0.000000  -0.000000
20  -1.00  0.96  0.00  63  -56.932303  -3.151145  12.719879  12.155270  -0.000000  0.000000  0.973794  24.875149  -0.000000  0.000000
20  -1.00  0.96  0.00  84  -56.932303  -3.151145  12.719879  12.155270  -0.000000  0.000000  0.973794  24.875149  -0.000000  -0.000000
20  -1.00  0.94  0.00  42  -56.652262  -3.151146  12.155271  12.719879  0.000000  -0.000000  0.972577  24.875149  0.000000  0.000000
20  -1.00  0.94  0.00  63  -56.652303  -3.151145  12.155270  12.719879  0.000000  -0.000000  0.972577  24.875149  0.000000  -0.000000
20  -1.00  0.94  0.00  84  -56.652303  -3.151145  12.155270  12.719879  0.000000  -0.000000  0.972577  24.875149  0.000000  -0.000000
20  -1.00  1.71  0.00  42  -73.719467  10.214184  4.935280  4.935280  -0.048084  0.048084  0.932459  9.870560  1.956131  0.000000
20  -1.00  1.71  0.00  63  -73.719467  10.214184  4.935280  4.935280  -0.048084  0.048084  0.932459  9.870560  1.956131  -0.000000
20  -1.00  1.93  0.00  42  -81.233876  16.009862  1.998769  1.993832  0.000000  -0.000000  0.833231  3.992601  -0.000000  0.000000
20  -1.00  1.94  0.00  42  -81.480000  20.000000  0.000000  0.000000  -0.000000  0.000000  -45640521085165999455469568.000000  0.000000  0.000000  0.000000
20  -1.00  0.51  0.00  42  -52.113719  -7.088983  13.917615  15.564349  -0.000000  0.000000  0.976050  29.481963  0.000000  -0.000000
20  -1.00  0.51  0.00  63  -52.113834  -7.088981  13.917614  15.564349  0.000000  -0.000000  0.976050  29.481963  0.000000  0.000000
20  -1.00  0.51  0.00  84  -52.113835  -7.088981  13.917614  15.564349  -0.000000  0.000000  0.976050  29.481963  0.000000  0.000000
20  -1.00  0.51  0.00  105  -52.113835  -7.088981  13.917614  15.564349  -0.000000  0.000000  0.976050  29.481963  -0.000000  -0.000000
20  -1.00  0.29  0.00  42  -51.155383  -9.096769  17.135415  14.380994  0.000000  -0.000000  0.980547  31.516409  0.000000  -0.000000
20  -1.00  0.29  0.00  63  -51.155415  -9.096768  17.135414  14.380994  0.000000  -0.000000  0.980547  31.516408  -0.000000  -0.000000
20  -1.00  0.29  0.00  84  -51.155415  -9.096768  17.135414  14.380994  -0.000000  0.000000  0.980547  31.516408  0.000000  -0.000000
20  -1.00  0.54  0.00  42  -52.317856  -6.166054  14.228717  14.228717  1.618016  -1.618016  0.976573  28.457434  -0.892008  -0.000000
20  -1.00  0.54  0.00  63  -52.317940  -6.166052  14.228717  14.228717  1.618010  -1.618010  0.976573  28.457433  -0.892007  -0.000000
20  -1.00  0.54  0.00  84  -52.317941  -6.166052  14.228717  14.228717  1.618010  -1.618010  0.976573  28.457433  -0.892007  -0.000000
20  -1.00  0.54  0.00  105  -52.317941  -6.166052  14.228717  14.228717  1.618010  -1.618010  0.976573  28.457433  -0.892007  0.000000
20  -1.00  1.87  0.00  42  -78.540000  20.000000  0.000000  0.000000  0.000000  -0.000000  -8255552960520442102153216.000000  0.000000  -0.000000  0.000000
20  -1.00  0.44  0.00  42  -51.693719  -7.088983  15.564349  13.917615  0.000000  -0.000000  0.978584  29.481963  -0.000000  0.000000
20  -1.00  0.44  0.00  63  -51.693834  -7.088981  15.564349  13.917614  -0.000000  0.000000  0.978584  29.481963  -0.000000  0.000000
20  -1.00  0.44  0.00  84  -51.693835  -7.088981  15.564349  13.917614  0.000000  -0.000000  0.978584  29.481963  -0.000000  0.000000
20  -1.00  0.44  0.00  105  -51.693835  -7.088981  15.564349  13.917614  0.000000  -0.000000  0.978584  29.481963  -0.000000  -0.000000
20  -1.00  1.66  0.00  42  -72.087219  8.442278  5.868813  5.868844  0.089963  -0.089976  0.943203  11.737657  -0.000038  0.000000
20  -1.00  1.66  0.00  63  -72.087220  8.442278  5.868813  5.868844  0.089963  -0.089976  0.943203  11.737657  -0.000038  0.000000
20  -1.00  1.44  0.00  42  -66.284897  3.401157  8.589056  8.589056  -0.250946  0.250946  0.961191  17.178112  1.816303  0.000000
20  -1.00  1.44  0.00  63  -66.284905  3.401158  8.589056  8.589056  -0.250946  0.250946  0.961191  17.178112  1.816303  0.000000
20  -1.00  1.44  0.00  84  -66.284905  3.401158  8.589056  8.589056  -0.250946  0.250946  0.961191  17.178112  1.816303  0.000000
20  -1.00  7.90  0.00  42  -331.800000  20.000000  0.000000  0.000000  0.000000  0.000000  -766917524108003752366047232.000000  0.000000  -0.000000  0.000000
20  -1.00  1.40  0.00  42  -65.324897  3.401157  8.589056  8.589056  0.250946  -0.250946  0.961191  17.178112  -1.816303  0.000000
20  -1.00  1.40  0.00  63  -65.324905  3.401158  8.589056  8.589056  0.250946  -0.250946  0.961191  17.178112  -1.816303  0.000000
20  -1.00  1.40  0.00  84  -65.324905  3.401158  8.589056  8.589056  0.250946  -0.250946  0.961191  17.178112  -1.816303  -0.000000
20  -1.00  1.79  0.00  42  -76.170467  12.101352  3.955435  3.981017  -0.000000  0.000000  0.915728  7.936452  -0.000000  -0.000000
20  -1.00  1.79  0.00  63  -76.285600  12.101352  3.955435  3.981017  -0.000000  0.000000  0.915728  7.936452  -0.000000  0.000000
20  -1.00  1.48  0.00  42  -67.276752  4.977903  7.780697  7.648258  -0.000000  0.000000  0.957159  15.428955  -0.000000  -0.000000
20  -1.00  1.48  0.00  63  -67.276757  4.977903  7.780697  7.648258  -0.000000  -0.000000  0.957159  15.428955  -0.000000  -0.000000
20  -1.00  1.37  0.00  42  -64.604897  3.401157  8.589056  8.589056  -0.250946  0.250946  0.961191  17.178112  1.816303  0.000000
20  -1.00  1.37  0.00  63  -64.604905  3.401158  8.589056  8.589056  -0.250946  0.250946  0.961191  17.178112  1.816303  0.000000
20  -1.00  1.37  0.00  84  -64.604905  3.401158  8.589056  8.589056  -0.250946  0.250946  0.961191  17.178112  1.816303  0.000000
20  -1.00  1.90  0.00  42  -79.800000  20.000000  0.000000  0.000000  0.000000  -0.000000  -3271922239400256024346624.000000  0.000000  -0.000000  0.000000
20  -1.00  1.38  0.00  42  -64.844897  3.401157  8.589056  8.589056  -0.250946  0.250946  0.961191  17.178112  1.816303  0.000000
20  -1.00  1.38  0.00  63  -64.844905  3.401158  8.589056  8.589056  -0.250946  0.250946  0.961191  17.178112  1.816303  -0.000000
20  -1.00  1.38  0.00  84  -64.844905  3.401158  8.589056  8.589056  -0.250946  0.250946  0.961191  17.178112  1.816303  0.000000
20  -1.00  0.89  0.00  42  -55.952262  -3.151146  12.155271  12.719879  0.000000  -0.000000  0.972577  24.875149  0.000000  -0.000000
20  -1.00  0.89  0.00  63  -55.952303  -3.151145  12.155270  12.719879  0.000000  -0.000000  0.972577  24.875149  0.000000  -0.000000
20  -1.00  0.89  0.00  84  -55.952303  -3.151145  12.155270  12.719879  0.000000  -0.000000  0.972577  24.875149  0.000000  -0.000000
20  -1.00  1.95  0.00  42  -81.900000  20.000000  0.000000  0.000000  -0.000000  0.000000  -12582910229316390531104768.000000  0.000000  0.000000  0.000000
20  -1.00  1.34  0.00  42  -63.951574  1.914700  9.322705  9.542650  0.000000  -0.000000  0.964245  18.865355  0.000000  0.000000
20  -1.00  1.34  0.00  63  -63.951585  1.914701  9.322705  9.542650  -0.000000  0.000000  0.964245  18.865355  0.000000  -0.000000
20  -1.00  1.34  0.00  84  -63.951585  1.914701  9.322705  9.542650  0.000000  -0.000000  0.964245  18.865355  0.000000  0.000000
20  -1.00  0.37  0.00  42  -51.382854  -8.034441  15.235736  15.235736  1.607293  -1.607293  0.978122  30.471472  -0.374034  0.000000
20  -1.00  0.37  0.00  63  -51.382972  -8.034439  15.235735  15.235735  1.607272  -1.607272  0.978122  30.471471  -0.374034  0.000000
20  -1.00  0.37  0.00  84  -51.382972  -8.034439  15.235735  15.235735  1.607272  -1.607272  0.978122  30.471471  -0.374034  0.000000
20  -1.00  0.37  0.00  105  -51.382972  -8.034439  15.235735  15.235735  1.607272  -1.607272  0.978122  30.471471  -0.374034  0.000000
20  -1.00  7.70  0.00  42  -323.400000  20.000000  0.000000  0.000000  0.000000  0.000000  -846536296208635021217497088.000000  0.000000  0.000000  0.000000
20  -1.00  9.60  0.00  42  -403.200000  20.000000  0.000000  0.000000  0.000000  -0.000000  -1934204951192725943444570112.000000  0.000000  0.000000  0.000000
20  -1.00  1.82  0.00  42  -77.305600  12.101352  3.981017  3.955435  0.000000  0.000000  0.916269  7.936452  0.000000  -0.000000
20  -1.00  8.60  0.00  42  -361.200000  20.000000  0.000000  0.000000  0.000000  -0.000000  -932062995768395841434288128.000000  0.000000  0.000000  0.000000
20  -1.00  1.29  0.00  42  -62.851574  1.914700  9.542650  9.322705  -0.000000  0.000000  0.965069  18.865355  -0.000000  -0.000000
20  -1.00  1.29  0.00  63  -62.851585  1.914701  9.542650  9.322705  0.000000  -0.000000  0.965069  18.865355  -0.000000  0.000000
20  -1.00  1.29  0.00  84  -62.851585  1.914701  9.542650  9.322705  -0.000000  0.000000  0.965069  18.865355  -0.000000  -0.000000
20  -1.00  1.30  0.00  42  -63.071574  1.914700  9.542650  9.322705  -0.000000  0.000000  0.965069  18.865355  -0.000000  -0.000000
20  -1.00  1.30  0.00  63  -63.071585  1.914701  9.542650  9.322705  0.000000  -0.000000  0.965069  18.865355  -0.000000  0.000000
20  -1.00  1.30  0.00  84  -63.071585  1.914701  9.542650  9.322705  -0.000000  0.000000  0.965069  18.865355  -0.000000  -0.000000
20  -1.00  0.70  0.00  42  -53.720877  -5.217010  13.205813  14.150282  -0.000000  0.000000  0.974759  27.356095  0.000000  0.000000
20  -1.00  0.70  0.00  63  -53.720941  -5.217009  13.205813  14.150282  -0.000000  0.000000  0.974759  27.356095  0.000000  0.000000
20  -1.00  0.70  0.00  84  -53.720941  -5.217008  13.205813  14.150282  0.000000  -0.000000  0.974759  27.356095  0.000000  -0.000000
20  -1.00  0.70  0.00  105  -53.720941  -5.217008  13.205813  14.150282  -0.000000  0.000000  0.974759  27.356095  -0.000000  -0.000000
20  -1.00  0.30  0.00  42  -51.175382  -9.096769  14.380994  17.135415  0.000000  -0.000000  0.976821  31.516409  -0.000000  0.000000
20  -1.00  0.30  0.00  63  -51.175415  -9.096768  14.380994  17.135414  -0.000000  0.000000  0.976821  31.516408  0.000000  0.000000
20  -1.00  0.30  0.00  84  -51.175415  -9.096768  14.380994  17.135414  0.000000  -0.000000  0.976821  31.516408  -0.000000  0.000000
20  -1.00  1.78  0.00  42  -75.945600  12.101352  3.981017  3.955435  -0.000000  0.000000  0.916269  7.936452  0.000000  0.000000
20  -1.00  9.10  0.00  42  -382.200000  20.000000  0.000000  0.000000  0.000000  0.000000  -925647805586645795859333120.000000  0.000000  -0.000000  0.000000
20  -1.00  7.80  0.00  42  -327.600000  20.000000  0.000000  0.000000  -0.000000  0.000000  -1282396249090932281178062848.000000  0.000000  0.000000  0.000000
20  -1.00  0.38  0.00  42  -51.422854  -8.034441  15.235736  15.235736  1.607293  -1.607293  0.978122  30.471472  -0.374034  0.000000
20  -1.00  0.38  0.00  63  -51.422972  -8.034439  15.235735  15.235735  1.607272  -1.607272  0.978122  30.471471  -0.374034  0.000000
20  -1.00  0.38  0.00  84  -51.422972  -8.034439  15.235735  15.235735  1.607272  -1.607272  0.978122  30.471471  -0.374034  0.000000
20  -1.00  0.38  0.00  105  -51.422972  -8.034439  15.235735  15.235735  1.607272  -1.607272  0.978122  30.471471  -0.374034  0.000000
20  -1.00  0.31  0.00  42  -51.195383  -9.096769  14.380994  17.135415  -0.000000  0.000000  0.976821  31.516409  0.000000  -0.000000
20  -1.00  0.31  0.00  63  -51.195415  -9.096768  14.380994  17.135414  -0.000000  0.000000  0.976821  31.516408  0.000000  -0.000000
20  -1.00  0.31  0.00  84  -51.195415  -9.096768  14.380994  17.135414  0.000000  -0.000000  0.976821  31.516408  -0.000000  -0.000000
20  -1.00  3.80  0.00  42  -159.600000  20.000000  0.000000  0.000000  0.000000  0.000000  -352115769239602781302554624.000000  0.000000  -0.000000  0.000000
20  -1.00  0.72  0.00  42  -53.920877  -5.217010  13.205813  14.150282  -0.000000  0.000000  0.974759  27.356095  0.000000  -0.000000
20  -1.00  0.72  0.00  63  -53.920941  -5.217009  13.205813  14.150282  -0.000000  0.000000  0.974759  27.356095  0.000000  0.000000
20  -1.00  0.72  0.00  84  -53.920941  -5.217008  13.205813  14.150282  0.000000  -0.000000  0.974759  27.356095  0.000000  0.000000
20  -1.00  0.72  0.00  105  -53.920941  -5.217008  13.205813  14.150282  0.000000  0.000000  0.974759  27.356095  -0.000000  -0.000000
20  -1.00  1.35  0.00  42  -64.171574  1.914700  9.322705  9.542650  0.000000  -0.000000  0.964245  18.865355  0.000000  0.000000
20  -1.00  1.35  0.00  63  -64.171585  1.914701  9.322705  9.542650  -0.000000  0.000000  0.964245  18.865355  0.000000  -0.000000
20  -1.00  1.35  0.00  84  -64.171585  1.914701  9.322705  9.542650  0.000000  -0.000000  0.964245  18.865355  0.000000  0.000000
20  -1.00  0.27  0.00  42  -51.122774  -10.396886  16.369443  16.369443  -13.131934  13.131934  0.979637  32.738886  -0.000000  0.000000
20  -1.00  0.27  0.00  63  -51.122777  -10.396886  16.369443  16.369443  -13.131934  13.131934  0.979637  32.738886  0.000000  0.000000
20  -1.00  1.26  0.00  42  -62.229320  0.518561  10.242395  10.242395  -0.456201  0.456201  0.967456  20.484789  1.692700  -0.000000
20  -1.00  1.26  0.00  63  -62.229338  0.518561  10.242395  10.242395  -0.456201  0.456201  0.967456  20.484789  1.692700  -0.000000
20  -1.00  1.26  0.00  84  -62.229338  0.518561  10.242395  10.242395  -0.456201  0.456201  0.967456  20.484789  1.692700  0.000000
20  -1.00  1.61  0.00  42  -70.725913  8.390880  5.918250  5.850528  0.000000  -0.000000  0.943677  11.768778  0.000000  0.000000
20  -1.00  1.61  0.00  63  -70.725913  8.390880  5.918250  5.850528  -0.000000  0.000000  0.943677  11.768778  -0.000000  -0.000000
20  -1.00  0.17  0.00  42  -51.122774  -10.396886  16.369443  16.369443  13.131934  -13.131934  0.979637  32.738886  0.000000  -0.000000
20  -1.00  0.17  0.00  63  -51.122777  -10.396886  16.369443  16.369443  13.131934  -13.131934  0.979637  32.738886  0.000000  -0.000000
20  -1.00  0.75  0.00  42  -54.220877  -5.217010  14.150282  13.205813  0.000000  -0.000000  0.976443  27.356095  -0.000000  0.000000
20  -1.00  0.75  0.00  63  -54.220941  -5.217009  14.150282  13.205813  0.000000  -0.000000  0.976443  27.356095  -0.000000  -0.000000
20  -1.00  0.75  0.00  84  -54.220941  -5.217008  14.150282  13.205813  -0.000000  0.000000  0.976443  27.356095  -0.000000  0.000000
20  -1.00  0.75  0.00  105  -54.220941  -5.217008  14.150282  13.205813  0.000000  0.000000  0.976443  27.356095  0.000000  -0.000000
20  -1.00  0.84  0.00  42  -55.298461  -4.216847  13.081440  13.081440  1.146809  -1.146809  0.974519  26.162880  -1.261748  -0.000000
20  -1.00  0.84  0.00  63  -55.298510  -4.216846  13.081440  13.081440  1.146809  -1.146809  0.974519  26.162880  -1.261748  -0.000000
20  -1.00  0.84  0.00  84  -55.298511  -4.216846  13.081440  13.081440  1.146808  -1.146808  0.974519  26.162880  -1.261748  -0.000000
20  -1.00  9.20  0.00  42  -386.400000  20.000000  0.000000  0.000000  0.000000  0.000000  -2897205838407516237351354368.000000  0.000000  -0.000000  0.000000
20  -1.00  0.63  0.00  42  -53.037856  -6.166054  14.228717  14.228717  -1.618016  1.618016  0.976573  28.457434  0.892008  -0.000000
20  -1.00  0.63  0.00  63  -53.037940  -6.166052  14.228717  14.228717  -1.618010  1.618010  0.976573  28.457433  0.892007  -0.000000
20  -1.00  0.63  0.00  84  -53.037941  -6.166052  14.228717  14.228717  -1.618010  1.618010  0.976573  28.457433  0.892007  -0.000000
20  -1.00  0.63  0.00  105  -53.037941  -6.166052  14.228717  14.228717  -1.618010  1.618010  0.976573  28.457433  0.892007  -0.000000
20  -1.00  3.00  0.00  42  -126.000000  20.000000  0.000000  0.000000  0.000000  0.000000  -197402959527616337462427648.000000  0.000000  0.000000  0.000000
20  -1.00  1.56  0.00  42  -69.374533  6.642768  6.811896  6.811896  0.120166  -0.120166  0.951066  13.623792  -1.901044  0.000000
20  -1.00  1.56  0.00  63  -69.374535  6.642768  6.811896  6.811896  0.120166  -0.120166  0.951066  13.623792  -1.901044  -0.000000
20  -1.00  2.70  0.00  42  -113.400000  20.000000  0.000000  0.000000  -0.000000  0.000000  -127219019042460193819459584.000000  0.000000  0.000000  0.000000
20  -1.00  9.50  0.00  42  -399.000000  20.000000  0.000000  0.000000  0.000000  -0.000000  -1162891022666812179659882496.000000  0.000000  -0.000000  0.000000
20  -1.00  6.60  0.00  42  -277.200000  20.000000  0.000000  0.000000  0.000000  0.000000  -424985944864047083103977472.000000  0.000000  -0.000000  0.000000
20  -1.00  4.30  0.00  42  -180.600000  20.000000  0.000000  0.000000  -0.000000  0.000000  -1186371857700216211062652928.000000  0.000000  0.000000  0.000000
20  -1.00  1.49  0.00  42  -67.536752  4.977903  7.648258  7.780697  0.000000  -0.000000  0.956417  15.428955  0.000000  -0.000000
20  -1.00  1.49  0.00  63  -67.536757  4.977903  7.648258  7.780697  -0.000000  -0.000000  0.956417  15.428955  0.000000  -0.000000
20  -1.00  3.90  0.00  42  -163.800000  20.000000  0.000000  0.000000  -0.000000  0.000000  -25188769350050481681989632.000000  0.000000  -0.000000  0.000000
20  -1.00  1.42  0.00  42  -65.804897  3.401157  8.589056  8.589056  -0.250946  0.250946  0.961191  17.178112  1.816303  0.000000
20  -1.00  1.42  0.00  63  -65.804905  3.401158  8.589056  8.589056  -0.250946  0.250946  0.961191  17.178112  1.816303  -0.000000
20  -1.00  1.42  0.00  84  -65.804905  3.401158  8.589056  8.589056  -0.250946  0.250946  0.961191  17.178112  1.816303  -0.000000
20  -1.00  6.70  0.00  42  -281.400000  20.000000  0.000000  0.000000  -0.000000  0.000000  -771644862638453702243909632.000000  0.000000  0.000000  0.000000
20  -1.00  0.32  0.00  42  -51.215382  -9.096769  14.380994  17.135415  -0.000000  0.000000  0.976821  31.516409  -0.000000  -0.000000
20  -1.00  0.32  0.00  63  -51.215415  -9.096768  14.380994  17.135414  -0.000000  0.000000  0.976821  31.516408  0.000000  -0.000000
20  -1.00  0.32  0.00  84  -51.215415  -9.096768  14.380994  17.135414  0.000000  -0.000000  0.976821  31.516408  -0.000000  -0.000000
20  -1.00  0.41  0.00  42  -51.542854  -8.034441  15.235736  15.235736  -1.607293  1.607293  0.978122  30.471472  0.374034  0.000000
20  -1.00  0.41  0.00  63  -51.542972  -8.034439  15.235735  15.235735  -1.607272  1.607272  0.978122  30.471471  0.374034  0.000000
20  -1.00  0.41  0.00  84  -51.542972  -8.034439  15.235735  15.235735  -1.607272  1.607272  0.978122  30.471471  0.374034  0.000000
20  -1.00  0.41  0.00  105  -51.542972  -8.034439  15.235735  15.235735  -1.607272  1.607272  0.978122  30.471471  0.374034  0.000000
20  -1.00  0.25  0.00  42  -51.122774  -10.396886  16.369443  16.369443  13.131934  -13.131934  0.979637  32.738886  0.000000  0.000000
20  -1.00  0.25  0.00  63  -51.122777  -10.396886  16.369443  16.369443  13.131934  -13.131934  0.979637  32.738886  0.000000  0.000000
20  -1.00  0.39  0.00  42  -51.462854  -8.034441  15.235736  15.235736  -1.607293  1.607293  0.978122  30.471472  0.374034  -0.000000
20  -1.00  0.39  0.00  63  -51.462972  -8.034439  15.235735  15.235735  -1.607272  1.607272  0.978122  30.471471  0.374034  -0.000000
20  -1.00  0.39  0.00  84  -51.462972  -8.034439  15.235735  15.235735  -1.607272  1.607272  0.978122  30.471471  0.374034  -0.000000
20  -1.00  0.39  0.00  105  -51.462972  -8.034439  15.235735  15.235735  -1.607272  1.607272  0.978122  30.471471  0.374034  -0.000000
20  -1.00  1.99  0.00  42  -83.580000  20.000000  0.000000  0.000000  -0.000000  0.000000  -196665464411454302287036416.000000  0.000000  0.000000  0.000000
20  -1.00  5.90  0.00  42  -247.800000  20.000000  0.000000  0.000000  0.000000  0.000000  -1158028926356807182207418368.000000  0.000000  -0.000000  0.000000
20  -1.00  1.22  0.00  42  -61.429320  0.518561  10.242395  10.242395  0.456201  -0.456201  0.967456  20.484789  -1.692700  0.000000
20  -1.00  1.22  0.00  63  -61.429338  0.518561  10.242395  10.242395  0.456201  -0.456201  0.967456  20.484789  -1.692700  0.000000
20  -1.00  1.22  0.00  84  -61.429338  0.518561  10.242395  10.242395  0.456201  -0.456201  0.967456  20.484789  -1.692700  -0.000000
20  -1.00  5.60  0.00  42  -235.200000  20.000000  0.000000  0.000000  0.000000  0.000000  -559011803465711854404239360.000000  0.000000  -0.000000  0.000000
20  -1.00  4.20  0.00  42  -176.400000  20.000000  0.000000  0.000000  0.000000  0.000000  -568316983743440680780824576.000000  0.000000  0.000000  0.000000
20  -1.00  1.05  0.00  42  -58.347335  -2.010619  11.747933  11.747933  0.752357  -0.752357  0.971626  23.495866  -1.515625  -0.000000
20  -1.00  1.05  0.00  63  -58.347366  -2.010618  11.747933  11.747933  0.752357  -0.752357  0.971626  23.495865  -1.515625  0.000000
20  -1.00  1.05  0.00  84  -58.347367  -2.010618  11.747933  11.747933  0.752357  -0.752357  0.971626  23.495865  -1.515625  0.000000
20  -1.00  1.02  0.00  42  -57.867334  -2.010619  11.747933  11.747933  0.752357  -0.752357  0.971626  23.495866  -1.515625  -0.000000
20  -1.00  1.02  0.00  63  -57.867366  -2.010618  11.747933  11.747933  0.752357  -0.752357  0.971626  23.495865  -1.515625  0.000000
20  -1.00  1.02  0.00  84  -57.867367  -2.010618  11.747933  11.747933  0.752357  -0.752357  0.971626  23.495865  -1.515625  0.000000
20  -1.00  4.60  0.00  42  -193.200000  20.000000  0.000000  0.000000  0.000000  0.000000  -1330153118488154164594475008.000000  0.000000  0.000000  0.000000
20  -1.00  1.03  0.00  42  -58.027335  -2.010619  11.747933  11.747933  0.752357  -0.752357  0.971626  23.495866  -1.515625  0.000000
20  -1.00  1.03  0.00  63  -58.027366  -2.010618  11.747933  11.747933  0.752357  -0.752357  0.971626  23.495865  -1.515625  0.000000
20  -1.00  1.03  0.00  84  -58.027367  -2.010618  11.747933  11.747933  0.752357  -0.752357  0.971626  23.495865  -1.515625  -0.000000
20  -1.00  0.61  0.00  42  -52.877856  -6.166054  14.228717  14.228717  1.618016  -1.618016  0.976573  28.457434  -0.892008  0.000000
20  -1.00  0.61  0.00  63  -52.877940  -6.166052  14.228717  14.228717  1.618010  -1.618010  0.976573  28.457433  -0.892007  0.000000
20  -1.00  0.61  0.00  84  -52.877941  -6.166052  14.228717  14.228717  1.618010  -1.618010  0.976573  28.457433  -0.892007  -0.000000
20  -1.00  0.61  0.00  105  -52.877941  -6.166052  14.228717  14.228717  1.618010  -1.618010  0.976573  28.457433  -0.892007  0.000000
20  -1.00  6.80  0.00  42  -285.600000  20.000000  0.000000  0.000000  0.000000  0.000000  -347864690518846266729824256.000000  0.000000  0.000000  0.000000
20  -1.00  6.50  0.00  42  -273.000000  20.000000  0.000000  0.000000  0.000000  0.000000  -1181116647119698931780419584.000000  0.000000  0.000000  0.000000
20  -1.00  4.50  0.00  42  -189.000000  20.000000  0.000000  0.000000  0.000000  0.000000  -1077926772713592433525391360.000000  0.000000  0.000000  0.000000
20  -1.00  0.53  0.00  42  -52.237856  -6.166054  14.228717  14.228717  -1.618016  1.618016  0.976573  28.457434  0.892008  0.000000
20  -1.00  0.53  0.00  63  -52.237940  -6.166052  14.228717  14.228717  -1.618010  1.618010  0.976573  28.457433  0.892007  0.000000
20  -1.00  0.53  0.00  84  -52.237941  -6.166052  14.228717  14.228717  -1.618010  1.618010  0.976573  28.457433  0.892007  -0.000000
20  -1.00  0.53  0.00  105  -52.237941  -6.166052  14.228717  14.228717  -1.618010  1.618010  0.976573  28.457433  0.892007  0.000000
20  -1.00  0.64  0.00  42  -53.120877  -5.217010  14.150282  13.205813  0.000000  -0.000000  0.976443  27.356095  -0.000000  -0.000000
20  -1.00  0.64  0.00  63  -53.120941  -5.217009  14.150282  13.205813  0.000000  -0.000000  0.976443  27.356095  -0.000000  0.000000
20  -1.00  0.64  0.00  84  -53.120941  -5.217008  14.150282  13.205813  -0.000000  0.000000  0.976443  27.356095  -0.000000  0.000000
20  -1.00  0.64  0.00  105  -53.120941  -5.217008  14.150282  13.205813  0.000000  -0.000000  0.976443  27.356095  0.000000  -0.000000
20  -1.00  3.10  0.00  42  -130.200000  20.000000  0.000000  0.000000  -0.000000  0.000000  -77816068231092761886982144.000000  0.000000  -0.000000  0.000000
20  -1.00  1.15  0.00  42  -60.090493  -0.788876  11.190095  10.840271  -0.000000  0.000000  0.970212  22.030366  0.000000  0.000000
20  -1.00  1.15  0.00  63  -60.090518  -0.788876  11.190095  10.840271  -0.000000  0.000000  0.970212  22.030366  -0.000000  -0.000000
20  -1.00  1.15  0.00  84  -60.090518  -0.788876  11.190095  10.840271  -0.000000  0.000000  0.970212  22.030366  -0.000000  0.000000
20  -1.00  1.45  0.00  42  -66.524897  3.401157  8.589056  8.589056  -0.250946  0.250946  0.961191  17.178112  1.816303  0.000000
20  -1.00  1.45  0.00  63  -66.524905  3.401158  8.589056  8.589056  -0.250946  0.250946  0.961191  17.178112  1.816303  0.000000
20  -1.00  1.45  0.00  84  -66.524905  3.401158  8.589056  8.589056  -0.250946  0.250946  0.961191  17.178112  1.816303  0.000000
20  -1.00  8.80  0.00  42  -369.600000  20.000000  0.000000  0.000000  -0.000000  0.000000  -343182836210223128749539328.000000  0.000000  -0.000000  0.000000
20  -1.00  1.83  0.00  42  -77.539302  14.038365  2.987196  2.987196  -0.013330  0.013330  0.888413  5.974393  1.987156  0.000000
20  -1.00  1.83  0.00  63  -77.597770  14.038365  2.987196  2.987196  -0.013330  0.013330  0.888413  5.974393  1.987156  0.000000
20  -1.00  1.83  0.00  84  -77.597770  14.038365  2.987196  2.987196  -0.013330  0.013330  0.888413  5.974393  1.987156  0.000000
20  -1.00  9.80  0.00  42  -411.600000  20.000000  0.000000  0.000000  0.000000  0.000000  -1226478556545553298884657152.000000  0.000000  0.000000  0.000000
20  -1.00  1.68  0.00  42  -72.759467  10.214184  4.935280  4.935280  -0.048084  0.048084  0.932459  9.870560  1.956131  0.000000
20  -1.00  1.68  0.00  63  -72.759467  10.214184  4.935280  4.935280  -0.048084  0.048084  0.932459  9.870560  1.956131  0.000000
20  -1.00  7.20  0.00  42  -302.400000  20.000000  0.000000  0.000000  0.000000  0.000000  -618767725970803527954464768.000000  0.000000  -0.000000  0.000000
20  -1.00  0.52  0.00  42  -52.173720  -7.088983  15.564349  13.917615  0.000000  -0.000000  0.978584  29.481963  -0.000000  -0.000000
20  -1.00  0.52  0.00  63  -52.173834  -7.088981  15.564349  13.917614  -0.000000  0.000000  0.978584  29.481963  -0.000000  0.000000
20  -1.00  0.52  0.00  84  -52.173835  -7.088981  15.564349  13.917614  0.000000  -0.000000  0.978584  29.481963  -0.000000  0.000000
20  -1.00  0.52  0.00  105  -52.173835  -7.088981  15.564349  13.917614  0.000000  -0.000000  0.978584  29.481963  0.000000  -0.000000
20  -1.00  0.77  0.00  42  -54.458461  -4.216847  13.081440  13.081440  1.146809  -1.146809  0.974519  26.162880  -1.261748  0.000000
20  -1.00  0.77  0.00  63  -54.458510  -4.216846  13.081440  13.081440  1.146809  -1.146809  0.974519  26.162880  -1.261748  -0.000000
20  -1.00  0.77  0.00  84  -54.458511  -4.216846  13.081440  13.081440  1.146808  -1.146808  0.974519  26.162880  -1.261748  0.000000
20  -1.00  6.00  0.00  42  -252.000000  20.000000  0.000000  0.000000  0.000000  0.000000  -626073195392148550054838272.000000  0.000000  -0.000000  0.000000
20  -1.00  9.00  0.00  42  -378.000000  20.000000  0.000000  0.000000  0.000000  0.000000  -2088945760315519512168366080.000000  0.000000  -0.000000  0.000000
20  -1.00  3.60  0.00  42  -151.200000  20.000000  0.000000  0.000000  0.000000  -0.000000  -325495151144950204471443456.000000  0.000000  -0.000000  0.000000
20  -1.00  6.30  0.00  42  -264.600000  20.000000  0.000000  0.000000  0.000000  0.000000  -1073220989540774346590519296.000000  0.000000  0.000000  0.000000
20  -1.00  1.36  0.00  42  -64.391574  1.914700  9.542650  9.322705  -0.000000  0.000000  0.965069  18.865355  -0.000000  0.000000
20  -1.00  1.36  0.00  63  -64.391585  1.914701  9.542650  9.322705  0.000000  -0.000000  0.965069  18.865355  -0.000000  0.000000
20  -1.00  1.36  0.00  84  -64.391585  1.914701  9.542650  9.322705  -0.000000  0.000000  0.965069  18.865355  -0.000000  -0.000000
20  -1.00  2.10  0.00  42  -88.200000  20.000000  0.000000  0.000000  0.000000  0.000000  -408051702916641227672649728.000000  0.000000  0.000000  0.000000
20  -1.00  0.14  0.00  42  -51.122774  -10.396886  16.369443  16.369443  -13.131934  13.131934  0.979637  32.738886  0.000000  0.000000
20  -1.00  0.14  0.00  63  -51.122777  -10.396886  16.369443  16.369443  -13.131934  13.131934  0.979637  32.738886  0.000000  0.000000
20  -1.00  1.73  0.00  42  -74.359467  10.214184  4.935280  4.935280  -0.048084  0.048084  0.932459  9.870560  1.956131  -0.000000
20  -1.00  1.73  0.00  63  -74.359467  10.214184  4.935280  4.935280  -0.048084  0.048084  0.932459  9.870560  1.956131  0.000000
20  -1.00  1.86  0.00  42  -78.583042  14.038365  2.987196  2.987196  -0.013329  0.013329  0.888413  5.974393  1.987156  0.000000
20  -1.00  1.86  0.00  63  -78.677770  14.038365  2.987196  2.987196  -0.013330  0.013330  0.888413  5.974393  1.987156  -0.000000
20  -1.00  1.86  0.00  84  -78.677770  14.038365  2.987196  2.987196  -0.013330  0.013330  0.888413  5.974393  1.987156  0.000000
20  -1.00  1.52  0.00  42  -68.316752  4.977903  7.648258  7.780697  0.000000  -0.000000  0.956417  15.428955  0.000000  0.000000
20  -1.00  1.52  0.00  63  -68.316757  4.977903  7.648258  7.780697  -0.000000  -0.000000  0.956417  15.428955  0.000000  -0.000000
20  -1.00  1.27  0.00  42  -62.429320  0.518561  10.242395  10.242395  -0.456201  0.456201  0.967456  20.484789  1.692700  0.000000
20  -1.00  1.27  0.00  63  -62.429338  0.518561  10.242395  10.242395  -0.456201  0.456201  0.967456  20.484789  1.692700  0.000000
20  -1.00  1.27  0.00  84  -62.429338  0.518561  10.242395  10.242395  -0.456201  0.456201  0.967456  20.484789  1.692700  0.000000
20  -1.00  1.23  0.00  42  -61.629320  0.518561  10.242395  10.242395  0.456201  -0.456201  0.967456  20.484789  -1.692700  -0.000000
20  -1.00  1.23  0.00  63  -61.629338  0.518561  10.242395  10.242395  0.456201  -0.456201  0.967456  20.484789  -1.692700  0.000000
20  -1.00  1.23  0.00  84  -61.629338  0.518561  10.242395  10.242395  0.456201  -0.456201  0.967456  20.484789  -1.692700  -0.000000
