Lx  lambda  mu_y  theta  bondD  Energy_GS  winding  eA  eB  MA  MB  U4  Oflip  Oflipp  charge  
15  0.30  0.00  0.00  32  -11.443553  0.878748  8.892292  8.892292  1.146967  1.146967  0.962514  17.784584  -0.000000  -0.000000
15  0.30  0.00  0.00  48  -11.443777  0.878751  8.892292  8.892291  1.146950  1.146950  0.962514  17.784584  -0.000000  -0.000000
15  0.30  0.00  0.00  64  -11.443778  0.878751  8.892292  8.892292  1.146950  1.146950  0.962514  17.784583  -0.000000  -0.000000
15  0.30  0.00  0.00  80  -11.443778  0.878751  8.892292  8.892292  1.146950  1.146950  0.962514  17.784583  -0.000000  -0.000000
15  0.50  0.00  0.00  32  -6.495181  1.880608  6.810261  6.810261  0.638836  0.638836  0.951054  13.620522  -0.000000  0.000000
15  0.50  0.00  0.00  48  -6.495187  1.880608  6.810261  6.810261  0.638836  0.638836  0.951054  13.620522  -0.000000  0.000000
15  0.07  0.00  0.00  32  -15.534268  -0.146582  9.295110  9.295112  1.824537  1.824537  0.964139  18.590222  0.000000  0.000000
15  0.07  0.00  0.00  48  -15.535013  -0.146578  9.295111  9.295112  1.824499  1.824499  0.964139  18.590223  0.000000  0.000000
15  0.07  0.00  0.00  64  -15.535014  -0.146578  9.295112  9.295112  1.824498  1.824498  0.964139  18.590223  0.000000  0.000000
15  0.07  0.00  0.00  80  -15.535014  -0.146577  9.295112  9.295112  1.824498  1.824498  0.964139  18.590223  -0.000000  0.000000
15  0.28  0.00  0.00  32  -11.889221  0.769114  8.936115  8.936115  -1.211561  -1.211561  0.962698  17.872230  0.000000  0.000000
15  0.28  0.00  0.00  48  -11.889487  0.769117  8.936116  8.936116  -1.211543  -1.211543  0.962698  17.872233  -0.000000  0.000000
15  0.28  0.00  0.00  64  -11.889488  0.769118  8.936116  8.936116  -1.211543  -1.211543  0.962698  17.872232  0.000000  0.000000
15  0.28  0.00  0.00  80  -11.889488  0.769118  8.936116  8.936116  -1.211543  -1.211543  0.962698  17.872232  0.000000  0.000000
15  -0.05  0.00  0.00  32  -17.887562  -0.771974  9.536689  9.536719  -2.330868  -2.330870  0.965047  19.073408  0.000004  0.000000
15  -0.05  0.00  0.00  48  -17.888592  -0.771969  9.536703  9.536703  -2.330827  -2.330827  0.965047  19.073406  0.000000  0.000000
15  -0.05  0.00  0.00  64  -17.888594  -0.771969  9.536703  9.536703  -2.330826  -2.330826  0.965047  19.073407  0.000000  0.000000
15  -0.05  0.00  0.00  80  -17.888594  -0.771969  9.536703  9.536703  -2.330826  -2.330826  0.965047  19.073407  0.000000  0.000000
15  0.05  0.00  0.00  32  -16.000127  -0.267626  9.341975  9.341975  -1.916563  -1.916563  0.964319  18.683950  -0.000000  -0.000000
15  0.05  0.00  0.00  48  -16.000937  -0.267622  9.341976  9.341976  -1.916524  -1.916524  0.964319  18.683952  -0.000000  -0.000000
15  0.05  0.00  0.00  64  -16.000939  -0.267622  9.341976  9.341976  -1.916523  -1.916523  0.964319  18.683952  -0.000000  -0.000000
15  0.05  0.00  0.00  80  -16.000939  -0.267622  9.341976  9.341976  -1.916523  -1.916523  0.964319  18.683952  0.000000  -0.000000
15  -0.95  0.00  0.00  32  -37.210321  -7.386301  12.129452  12.129452  9.482345  9.482345  0.972519  24.258905  0.000000  -0.000000
15  -0.95  0.00  0.00  48  -37.210341  -7.386300  12.129452  12.129452  9.482341  9.482341  0.972519  24.258904  0.000000  -0.000000
15  -0.95  0.00  0.00  64  -37.210341  -7.386300  12.129452  12.129452  9.482341  9.482341  0.972519  24.258904  -0.000000  -0.000000
15  0.40  0.00  0.00  32  -9.682746  1.311505  8.716562  8.716552  -0.907664  -0.907661  0.961759  17.433114  0.000004  -0.000000
15  0.40  0.00  0.00  48  -9.682862  1.311487  8.716545  8.716545  -0.907650  -0.907650  0.961759  17.433090  0.000000  -0.000000
15  0.40  0.00  0.00  64  -9.682864  1.311487  8.716545  8.716545  -0.907649  -0.907649  0.961759  17.433089  0.000000  -0.000000
15  0.40  0.00  0.00  80  -9.682865  1.311487  8.716545  8.716545  -0.907649  -0.907649  0.961759  17.433089  -0.000000  -0.000000
15  -0.88  0.00  0.00  32  -35.407748  -6.803967  11.902333  11.902333  -8.944144  -8.944144  0.971994  23.804666  -0.000000  0.000000
15  -0.88  0.00  0.00  48  -35.407781  -6.803965  11.902332  11.902332  -8.944137  -8.944137  0.971994  23.804665  -0.000000  0.000000
15  -0.88  0.00  0.00  64  -35.407781  -6.803965  11.902332  11.902332  -8.944137  -8.944137  0.971994  23.804665  0.000000  0.000000
15  0.25  0.00  0.00  32  -12.337076  0.658673  8.980026  8.980026  -1.278369  -1.278369  0.962881  17.960052  0.000000  0.000000
15  0.25  0.00  0.00  48  -12.337390  0.658676  8.980028  8.980028  -1.278349  -1.278349  0.962881  17.960056  0.000000  0.000000
15  0.25  0.00  0.00  64  -12.337391  0.658676  8.980028  8.980028  -1.278349  -1.278349  0.962881  17.960056  0.000000  0.000000
15  0.25  0.00  0.00  80  -12.337391  0.658676  8.980028  8.980028  -1.278349  -1.278349  0.962881  17.960056  0.000000  0.000000
15  -0.35  0.00  0.00  32  -23.808414  -2.564931  10.232378  10.232378  4.191788  4.191788  0.967424  20.464755  -0.000000  0.000000
15  -0.35  0.00  0.00  48  -23.809031  -2.564926  10.232377  10.232377  4.191741  4.191741  0.967424  20.464755  0.000000  0.000000
15  -0.35  0.00  0.00  64  -23.809033  -2.564925  10.232377  10.232377  4.191739  4.191739  0.967424  20.464754  0.000000  0.000000
15  -0.35  0.00  0.00  80  -23.809033  -2.564925  10.232377  10.232377  4.191739  4.191739  0.967424  20.464754  0.000000  0.000000
15  -0.80  0.00  0.00  32  -33.640229  -6.191664  11.662418  11.662419  -8.345485  -8.345485  0.971418  23.324837  0.000000  0.000000
15  -0.80  0.00  0.00  48  -33.640284  -6.191662  11.662418  11.662418  -8.345475  -8.345475  0.971418  23.324835  0.000000  0.000000
15  -0.80  0.00  0.00  64  -33.640284  -6.191662  11.662418  11.662418  -8.345475  -8.345475  0.971418  23.324835  0.000000  0.000000
15  -0.17  0.00  0.00  32  -20.304449  -1.459099  9.802012  9.802028  -2.977528  -2.977529  0.965993  19.604040  0.000002  -0.000000
15  -0.17  0.00  0.00  48  -20.305337  -1.459095  9.802020  9.802020  -2.977483  -2.977483  0.965993  19.604040  0.000000  -0.000000
15  -0.17  0.00  0.00  64  -20.305339  -1.459095  9.802020  9.802020  -2.977481  -2.977481  0.965993  19.604040  0.000000  -0.000000
15  -0.17  0.00  0.00  80  -20.305339  -1.459095  9.802020  9.802020  -2.977481  -2.977481  0.965993  19.604040  -0.000000  -0.000000
15  0.35  0.00  0.00  32  -10.558771  1.096048  8.804650  8.804651  -1.023782  -1.023782  0.962141  17.609301  0.000000  0.000000
15  0.35  0.00  0.00  48  -10.558929  1.096047  8.804645  8.804645  -1.023768  -1.023768  0.962141  17.609290  0.000000  0.000000
15  0.35  0.00  0.00  64  -10.558930  1.096047  8.804645  8.804645  -1.023767  -1.023767  0.962141  17.609289  0.000000  0.000000
15  0.35  0.00  0.00  80  -10.558930  1.096047  8.804645  8.804645  -1.023767  -1.023767  0.962141  17.609289  0.000000  0.000000
15  -0.30  0.00  0.00  32  -22.791740  -2.229021  10.101099  10.101099  -3.804749  -3.804749  0.967000  20.202198  -0.000000  -0.000000
15  -0.30  0.00  0.00  48  -22.792417  -2.229017  10.101099  10.101099  -3.804702  -3.804702  0.967000  20.202198  -0.000000  -0.000000
15  -0.30  0.00  0.00  64  -22.792419  -2.229017  10.101099  10.101099  -3.804700  -3.804700  0.967000  20.202198  -0.000000  -0.000000
15  -0.30  0.00  0.00  80  -22.792419  -2.229017  10.101099  10.101099  -3.804700  -3.804700  0.967000  20.202198  -0.000000  -0.000000
15  0.03  0.00  0.00  32  -16.468348  -0.390548  9.389497  9.389497  2.012897  2.012897  0.964499  18.778993  -0.000000  0.000000
15  0.03  0.00  0.00  48  -16.469221  -0.390544  9.389498  9.389498  2.012857  2.012857  0.964499  18.778995  -0.000000  0.000000
15  0.03  0.00  0.00  64  -16.469223  -0.390544  9.389498  9.389498  2.012856  2.012856  0.964499  18.778996  -0.000000  0.000000
15  0.03  0.00  0.00  80  -16.469223  -0.390544  9.389498  9.389498  2.012856  2.012856  0.964499  18.778996  0.000000  0.000000
15  -0.75  0.00  0.00  32  -32.482202  -5.771297  11.497124  11.497124  7.913595  7.913595  0.971007  22.994247  -0.000000  0.000000
15  -0.75  0.00  0.00  48  -32.482278  -5.771294  11.497123  11.497123  7.913582  7.913582  0.971007  22.994246  0.000000  0.000000
15  -0.75  0.00  0.00  64  -32.482279  -5.771294  11.497123  11.497123  7.913582  7.913582  0.971007  22.994245  -0.000000  0.000000
15  -0.68  0.00  0.00  32  -30.776464  -5.131864  11.244957  11.244958  -7.223248  -7.223248  0.970357  22.489915  0.000000  0.000000
15  -0.68  0.00  0.00  48  -30.776588  -5.131860  11.244956  11.244956  -7.223230  -7.223230  0.970357  22.489913  0.000000  0.000000
15  -0.68  0.00  0.00  64  -30.776588  -5.131860  11.244956  11.244956  -7.223230  -7.223230  0.970357  22.489913  0.000000  0.000000
15  -1.02  0.00  0.00  32  -39.045858  -7.933053  12.341692  12.341692  -9.962913  -9.962913  0.972991  24.683384  0.000000  -0.000000
15  -1.02  0.00  0.00  48  -39.045870  -7.933053  12.341692  12.341692  -9.962911  -9.962911  0.972991  24.683384  0.000000  -0.000000
15  -1.02  0.00  0.00  64  -39.045870  -7.933053  12.341692  12.341692  -9.962911  -9.962911  0.972991  24.683384  -0.000000  -0.000000
15  -0.38  0.00  0.00  32  -24.321775  -2.739393  10.300746  10.300745  -4.397182  -4.397182  0.967640  20.601491  -0.000000  -0.000000
15  -0.38  0.00  0.00  48  -24.322352  -2.739387  10.300744  10.300744  -4.397137  -4.397137  0.967640  20.601489  -0.000000  -0.000000
15  -0.38  0.00  0.00  64  -24.322353  -2.739387  10.300744  10.300744  -4.397136  -4.397136  0.967640  20.601488  -0.000000  -0.000000
15  -0.38  0.00  0.00  80  -24.322353  -2.739387  10.300744  10.300744  -4.397135  -4.397135  0.967640  20.601488  -0.000000  -0.000000
15  0.47  0.00  0.00  32  -6.492033  2.050150  6.468243  6.468243  0.330353  0.330353  0.948466  12.936485  0.000000  -0.000000
15  0.47  0.00  0.00  48  -6.492035  2.050150  6.468243  6.468243  0.330353  0.330353  0.948466  12.936485  0.000000  -0.000000
15  -0.90  0.00  0.00  32  -36.004807  -7.001758  11.979594  11.979595  -9.130196  -9.130196  0.972175  23.959189  0.000000  0.000000
15  -0.90  0.00  0.00  48  -36.004835  -7.001757  11.979594  11.979594  -9.130190  -9.130190  0.972175  23.959188  0.000000  0.000000
15  -0.90  0.00  0.00  64  -36.004835  -7.001757  11.979594  11.979594  -9.130190  -9.130190  0.972175  23.959188  0.000000  0.000000
15  -1.07  0.00  0.00  32  -40.286727  -8.276426  12.474473  12.474473  -10.253770  -10.253770  0.973279  24.948946  -0.000000  0.000000
15  -1.07  0.00  0.00  48  -40.286737  -8.276425  12.474473  12.474473  -10.253769  -10.253769  0.973279  24.948946  -0.000000  0.000000
15  -1.07  0.00  0.00  64  -40.286737  -8.276425  12.474473  12.474473  -10.253769  -10.253769  0.973279  24.948946  -0.000000  0.000000
15  -1.13  0.00  0.00  32  -41.540524  -8.602615  12.600241  12.600241  -10.523001  -10.523001  0.973545  25.200482  -0.000000  0.000000
15  -1.13  0.00  0.00  48  -41.540531  -8.602615  12.600241  12.600241  -10.523000  -10.523000  0.973545  25.200481  -0.000000  0.000000
15  -1.13  0.00  0.00  64  -41.540531  -8.602615  12.600241  12.600241  -10.523000  -10.523000  0.973545  25.200481  0.000000  0.000000
15  -0.40  0.00  0.00  32  -24.838613  -2.918276  10.370966  10.370966  -4.610095  -4.610095  0.967859  20.741932  0.000000  0.000000
15  -0.40  0.00  0.00  48  -24.839137  -2.918269  10.370964  10.370964  -4.610052  -4.610052  0.967859  20.741929  -0.000000  0.000000
15  -0.40  0.00  0.00  64  -24.839138  -2.918268  10.370964  10.370964  -4.610050  -4.610050  0.967859  20.741929  -0.000000  0.000000
15  -0.40  0.00  0.00  80  -24.839138  -2.918268  10.370964  10.370964  -4.610050  -4.610050  0.967859  20.741929  -0.000000  0.000000
15  -0.53  0.00  0.00  32  -27.477928  -3.876928  10.748873  10.748870  5.765711  5.765711  0.968989  21.497743  -0.000001  0.000000
15  -0.53  0.00  0.00  48  -27.478224  -3.876922  10.748869  10.748869  5.765678  5.765678  0.968989  21.497738  -0.000000  0.000000
15  -0.53  0.00  0.00  64  -27.478225  -3.876922  10.748869  10.748869  5.765677  5.765677  0.968989  21.497738  -0.000000  0.000000
15  -0.53  0.00  0.00  80  -27.478225  -3.876922  10.748869  10.748869  5.765677  5.765677  0.968989  21.497738  -0.000000  0.000000
15  -1.15  0.00  0.00  32  -42.172051  -8.759297  12.660524  12.660524  10.650043  10.650043  0.973671  25.321049  -0.000000  -0.000000
15  -1.15  0.00  0.00  48  -42.172057  -8.759297  12.660524  12.660524  10.650042  10.650042  0.973671  25.321049  -0.000000  -0.000000
15  -1.15  0.00  0.00  64  -42.172057  -8.759297  12.660524  12.660524  10.650042  10.650042  0.973671  25.321049  -0.000000  -0.000000
15  -0.60  0.00  0.00  32  -29.108569  -4.495278  10.993354  10.993352  6.498290  6.498290  0.969679  21.986706  -0.000001  -0.000000
15  -0.60  0.00  0.00  48  -29.108764  -4.495273  10.993351  10.993351  6.498265  6.498265  0.969679  21.986703  -0.000000  -0.000000
15  -0.60  0.00  0.00  64  -29.108764  -4.495273  10.993351  10.993351  6.498265  6.498265  0.969679  21.986703  -0.000000  -0.000000
15  -0.60  0.00  0.00  80  -29.108764  -4.495273  10.993351  10.993351  6.498265  6.498265  0.969679  21.986703  0.000000  -0.000000
15  0.23  0.00  0.00  32  -12.787125  0.547311  9.024088  9.024088  1.347567  1.347567  0.963062  18.048176  -0.000000  0.000000
15  0.23  0.00  0.00  48  -12.787492  0.547314  9.024091  9.024090  1.347545  1.347545  0.963062  18.048181  -0.000000  0.000000
15  0.23  0.00  0.00  64  -12.787494  0.547314  9.024091  9.024091  1.347545  1.347545  0.963062  18.048181  -0.000000  0.000000
15  0.23  0.00  0.00  80  -12.787494  0.547314  9.024091  9.024091  1.347545  1.347545  0.963062  18.048181  -0.000000  0.000000
15  -1.18  0.00  0.00  32  -42.806549  -8.911752  12.719102  12.719102  10.772315  10.772315  0.973793  25.438204  -0.000000  -0.000000
15  -1.18  0.00  0.00  48  -42.806555  -8.911752  12.719102  12.719102  10.772314  10.772314  0.973793  25.438204  -0.000000  -0.000000
15  -1.18  0.00  0.00  64  -42.806555  -8.911752  12.719102  12.719102  10.772314  10.772314  0.973793  25.438204  0.000000  -0.000000
15  -0.85  0.00  0.00  32  -34.814587  -6.602814  11.823636  11.823636  -8.751333  -8.751333  0.971808  23.647272  0.000000  -0.000000
15  -0.85  0.00  0.00  48  -34.814626  -6.602812  11.823635  11.823635  -8.751326  -8.751326  0.971808  23.647271  0.000000  -0.000000
15  -0.85  0.00  0.00  64  -34.814626  -6.602812  11.823635  11.823635  -8.751326  -8.751326  0.971808  23.647271  -0.000000  -0.000000
15  -0.50  0.00  0.00  32  -26.942426  -3.677155  10.669956  10.669956  5.525212  5.525212  0.968760  21.339912  -0.000000  0.000000
15  -0.50  0.00  0.00  48  -26.942759  -3.677149  10.669954  10.669954  5.525176  5.525176  0.968760  21.339908  -0.000000  0.000000
15  -0.50  0.00  0.00  64  -26.942761  -3.677149  10.669954  10.669954  5.525175  5.525175  0.968760  21.339908  -0.000000  0.000000
15  -0.50  0.00  0.00  80  -26.942761  -3.677149  10.669954  10.669954  5.525175  5.525175  0.968760  21.339908  -0.000000  0.000000
15  -1.10  0.00  0.00  32  -40.912054  -8.441666  12.538229  12.538229  10.390981  10.390981  0.973415  25.076459  0.000000  0.000000
15  -1.10  0.00  0.00  48  -40.912062  -8.441666  12.538229  12.538229  10.390980  10.390980  0.973415  25.076459  0.000000  0.000000
15  -1.10  0.00  0.00  64  -40.912062  -8.441666  12.538229  12.538229  10.390980  10.390980  0.973415  25.076459  0.000000  0.000000
15  -0.25  0.00  0.00  32  -21.787831  -1.909703  9.976759  9.976759  -3.450129  -3.450129  0.966589  19.953519  0.000000  0.000000
15  -0.25  0.00  0.00  48  -21.788580  -1.909699  9.976759  9.976759  -3.450083  -3.450083  0.966589  19.953518  0.000000  0.000000
15  -0.25  0.00  0.00  64  -21.788581  -1.909699  9.976759  9.976759  -3.450081  -3.450081  0.966589  19.953518  -0.000000  0.000000
15  -0.25  0.00  0.00  80  -21.788582  -1.909699  9.976759  9.976759  -3.450081  -3.450081  0.966589  19.953518  -0.000000  0.000000
15  0.55  0.00  0.00  32  -4.925624  2.863186  5.618242  5.618242  -0.334293  -0.334293  0.940669  11.236484  -0.000000  0.000000
15  -0.07  0.00  0.00  32  -18.365669  -0.903827  9.587575  9.587548  2.447616  2.447613  0.965233  19.175124  -0.000004  0.000000
15  -0.07  0.00  0.00  48  -18.366695  -0.903823  9.587561  9.587561  2.447572  2.447572  0.965233  19.175122  -0.000000  0.000000
15  -0.07  0.00  0.00  64  -18.366697  -0.903822  9.587561  9.587561  2.447571  2.447571  0.965233  19.175122  -0.000000  0.000000
15  -0.07  0.00  0.00  80  -18.366697  -0.903822  9.587561  9.587561  2.447571  2.447571  0.965233  19.175122  -0.000000  0.000000
15  -0.63  0.00  0.00  32  -29.660345  -4.706178  11.076746  11.076743  -6.742276  -6.742276  0.969907  22.153489  -0.000001  0.000000
15  -0.63  0.00  0.00  48  -29.660513  -4.706174  11.076743  11.076743  -6.742253  -6.742253  0.969907  22.153486  -0.000000  0.000000
15  -0.63  0.00  0.00  64  -29.660514  -4.706174  11.076743  11.076743  -6.742253  -6.742253  0.969907  22.153486  -0.000000  0.000000
15  -0.63  0.00  0.00  80  -29.660514  -4.706174  11.076743  11.076743  -6.742253  -6.742253  0.969907  22.153486  0.000000  0.000000
15  -0.78  0.00  0.00  32  -33.059150  -5.982415  11.580193  11.580192  8.132675  8.132675  0.971215  23.160386  -0.000000  0.000000
15  -0.78  0.00  0.00  48  -33.059214  -5.982413  11.580192  11.580192  8.132664  8.132664  0.971215  23.160384  -0.000000  0.000000
15  -0.78  0.00  0.00  64  -33.059215  -5.982413  11.580192  11.580192  8.132664  8.132664  0.971215  23.160384  -0.000000  0.000000
15  0.45  0.00  0.00  32  -6.781795  1.748775  6.441104  6.441104  -0.042384  -0.042384  0.948249  12.882207  -0.000000  -0.000000
15  -0.65  0.00  0.00  32  -30.216302  -4.918568  11.160695  11.160697  -6.984270  -6.984270  0.970133  22.321392  0.000000  -0.000000
15  -0.65  0.00  0.00  48  -30.216447  -4.918565  11.160695  11.160695  -6.984250  -6.984250  0.970133  22.321389  0.000000  -0.000000
15  -0.65  0.00  0.00  64  -30.216448  -4.918565  11.160695  11.160695  -6.984249  -6.984249  0.970133  22.321389  0.000000  -0.000000
15  -0.65  0.00  0.00  80  -30.216448  -4.918565  11.160695  11.160695  -6.984249  -6.984249  0.970133  22.321389  -0.000000  -0.000000
15  0.42  0.00  0.00  32  -9.248038  1.418818  8.672149  8.672146  0.851975  0.851971  0.961563  17.344295  -0.000003  -0.000000
15  0.42  0.00  0.00  48  -9.248144  1.418813  8.672143  8.672143  0.851938  0.851938  0.961563  17.344286  -0.000000  -0.000000
15  0.42  0.00  0.00  64  -9.248146  1.418813  8.672143  8.672143  0.851937  0.851937  0.961563  17.344286  -0.000000  -0.000000
15  0.42  0.00  0.00  80  -9.248146  1.418813  8.672143  8.672143  0.851937  0.851937  0.961563  17.344286  -0.000000  -0.000000
15  -0.72  0.00  0.00  32  -31.909422  -5.558804  11.413412  11.413412  -7.688631  -7.688631  0.970795  22.826824  0.000000  0.000000
15  -0.72  0.00  0.00  48  -31.909513  -5.558801  11.413411  11.413411  -7.688616  -7.688616  0.970795  22.826822  -0.000000  0.000000
15  -0.72  0.00  0.00  64  -31.909513  -5.558801  11.413411  11.413411  -7.688616  -7.688616  0.970795  22.826822  0.000000  0.000000
15  -0.82  0.00  0.00  32  -34.225393  -6.398597  11.743618  11.743619  8.551757  8.551757  0.971616  23.487238  0.000000  0.000000
15  -0.82  0.00  0.00  48  -34.225439  -6.398595  11.743618  11.743618  8.551749  8.551749  0.971616  23.487237  0.000000  0.000000
15  -0.82  0.00  0.00  64  -34.225439  -6.398595  11.743618  11.743618  8.551749  8.551749  0.971616  23.487237  0.000000  0.000000
15  -0.10  0.00  0.00  32  -18.846351  -1.038297  9.639454  9.639430  -2.570309  -2.570307  0.965420  19.278883  -0.000003  -0.000000
15  -0.10  0.00  0.00  48  -18.847366  -1.038293  9.639441  9.639441  -2.570266  -2.570266  0.965420  19.278882  -0.000000  -0.000000
15  -0.10  0.00  0.00  64  -18.847367  -1.038293  9.639441  9.639441  -2.570264  -2.570264  0.965420  19.278882  -0.000000  -0.000000
15  -0.10  0.00  0.00  80  -18.847368  -1.038293  9.639441  9.639441  -2.570264  -2.570264  0.965420  19.278882  -0.000000  -0.000000
15  0.13  0.00  0.00  32  -14.609507  0.090391  9.203087  9.203094  -1.652260  -1.652261  0.963780  18.406181  0.000001  0.000000
15  0.13  0.00  0.00  48  -14.610120  0.090396  9.203090  9.203090  -1.652224  -1.652224  0.963780  18.406179  0.000000  0.000000
15  0.13  0.00  0.00  64  -14.610122  0.090397  9.203090  9.203090  -1.652223  -1.652223  0.963780  18.406180  -0.000000  0.000000
15  0.13  0.00  0.00  80  -14.610122  0.090397  9.203090  9.203090  -1.652223  -1.652223  0.963780  18.406180  0.000000  0.000000
15  -0.47  0.00  0.00  32  -26.410826  -3.481176  10.592605  10.592604  5.288443  5.288442  0.968532  21.185210  -0.000000  -0.000000
15  -0.47  0.00  0.00  48  -26.411202  -3.481169  10.592603  10.592603  5.288405  5.288405  0.968531  21.185206  -0.000000  -0.000000
15  -0.47  0.00  0.00  64  -26.411203  -3.481169  10.592603  10.592603  5.288404  5.288404  0.968531  21.185206  -0.000000  -0.000000
15  -0.47  0.00  0.00  80  -26.411203  -3.481169  10.592603  10.592603  5.288404  5.288404  0.968531  21.185206  -0.000000  -0.000000
15  -0.33  0.00  0.00  32  -23.298438  -2.394837  10.165842  10.165842  -3.994244  -3.994244  0.967210  20.331685  0.000000  -0.000000
15  -0.33  0.00  0.00  48  -23.299083  -2.394833  10.165842  10.165842  -3.994196  -3.994196  0.967210  20.331684  0.000000  -0.000000
15  -0.33  0.00  0.00  64  -23.299085  -2.394833  10.165842  10.165842  -3.994194  -3.994194  0.967210  20.331684  -0.000000  -0.000000
15  -0.33  0.00  0.00  80  -23.299085  -2.394833  10.165842  10.165842  -3.994193  -3.994193  0.967210  20.331684  -0.000000  -0.000000
15  -0.13  0.00  0.00  32  -19.329667  -1.175551  9.692434  9.692412  2.699299  2.699297  0.965609  19.384846  -0.000003  -0.000000
15  -0.13  0.00  0.00  48  -19.330658  -1.175547  9.692423  9.692423  2.699255  2.699255  0.965609  19.384845  -0.000000  -0.000000
15  -0.13  0.00  0.00  64  -19.330659  -1.175547  9.692423  9.692423  2.699253  2.699253  0.965609  19.384845  0.000000  -0.000000
15  -0.13  0.00  0.00  80  -19.330659  -1.175547  9.692423  9.692423  2.699253  2.699253  0.965609  19.384845  0.000000  -0.000000
15  -0.97  0.00  0.00  32  -37.818615  -7.572686  12.201915  12.201915  9.648712  9.648712  0.972682  24.403830  -0.000000  -0.000000
15  -0.97  0.00  0.00  48  -37.818632  -7.572685  12.201915  12.201915  9.648708  9.648708  0.972682  24.403829  -0.000000  -0.000000
15  -0.97  0.00  0.00  64  -37.818632  -7.572685  12.201915  12.201915  9.648708  9.648708  0.972682  24.403829  -0.000000  -0.000000
15  -0.20  0.00  0.00  32  -20.796015  -1.605750  9.858804  9.858804  3.127413  3.127413  0.966189  19.717609  -0.000000  -0.000000
15  -0.20  0.00  0.00  48  -20.796852  -1.605746  9.858803  9.858804  3.127368  3.127368  0.966189  19.717607  0.000000  -0.000000
15  -0.20  0.00  0.00  64  -20.796854  -1.605745  9.858803  9.858803  3.127366  3.127366  0.966189  19.717607  0.000000  -0.000000
15  -0.20  0.00  0.00  80  -20.796854  -1.605745  9.858803  9.858803  3.127366  3.127366  0.966189  19.717607  -0.000000  -0.000000
15  -0.93  0.00  0.00  32  -36.605691  -7.195937  12.055326  12.055326  9.309557  9.309557  0.972350  24.110652  0.000000  0.000000
15  -0.93  0.00  0.00  48  -36.605715  -7.195936  12.055326  12.055326  9.309553  9.309553  0.972350  24.110651  0.000000  0.000000
15  -0.93  0.00  0.00  64  -36.605715  -7.195936  12.055326  12.055326  9.309553  9.309553  0.972350  24.110651  0.000000  0.000000
15  0.00  0.00  0.00  32  -16.938965  -0.515484  9.437748  9.437740  -2.113846  -2.113846  0.964681  18.875488  -0.000001  0.000000
15  0.00  0.00  0.00  48  -16.939899  -0.515481  9.437746  9.437745  -2.113805  -2.113805  0.964681  18.875491  -0.000000  0.000000
15  0.00  0.00  0.00  64  -16.939901  -0.515480  9.437746  9.437746  -2.113803  -2.113803  0.964681  18.875491  -0.000000  0.000000
15  0.00  0.00  0.00  80  -16.939901  -0.515480  9.437746  9.437746  -2.113803  -2.113803  0.964681  18.875491  -0.000000  0.000000
15  -0.57  0.00  0.00  32  -28.560940  -4.286429  10.910763  10.910762  -6.253422  -6.253422  0.969449  21.821525  -0.000000  0.000000
15  -0.57  0.00  0.00  48  -28.561165  -4.286425  10.910761  10.910761  -6.253395  -6.253395  0.969449  21.821522  -0.000000  0.000000
15  -0.57  0.00  0.00  64  -28.561165  -4.286424  10.910761  10.910761  -6.253394  -6.253394  0.969449  21.821521  0.000000  0.000000
15  -0.57  0.00  0.00  80  -28.561165  -4.286424  10.910761  10.910761  -6.253394  -6.253394  0.969449  21.821521  0.000000  0.000000
15  0.38  0.00  0.00  32  -10.119661  1.203947  8.760698  8.760697  -0.964902  -0.964902  0.961951  17.521395  -0.000000  0.000000
15  0.38  0.00  0.00  48  -10.119794  1.203939  8.760687  8.760687  -0.964889  -0.964889  0.961951  17.521374  -0.000000  0.000000
15  0.38  0.00  0.00  64  -10.119796  1.203939  8.760687  8.760687  -0.964889  -0.964889  0.961951  17.521374  -0.000000  0.000000
15  0.38  0.00  0.00  80  -10.119796  1.203939  8.760687  8.760687  -0.964889  -0.964889  0.961951  17.521374  0.000000  0.000000
15  -1.20  0.00  0.00  32  -43.443935  -9.060032  12.776001  12.776001  -10.890018  -10.890018  0.973909  25.552002  -0.000000  -0.000000
15  -1.20  0.00  0.00  48  -43.443940  -9.060032  12.776001  12.776001  -10.890018  -10.890018  0.973909  25.552002  -0.000000  -0.000000
15  -1.20  0.00  0.00  64  -43.443940  -9.060032  12.776001  12.776001  -10.890018  -10.890018  0.973909  25.552002  -0.000000  -0.000000
15  -0.28  0.00  0.00  32  -22.288233  -2.067359  10.038093  10.038093  -3.623386  -3.623386  0.966793  20.076187  -0.000000  0.000000
15  -0.28  0.00  0.00  48  -22.288944  -2.067355  10.038093  10.038093  -3.623339  -3.623339  0.966793  20.076187  -0.000000  0.000000
15  -0.28  0.00  0.00  64  -22.288946  -2.067354  10.038093  10.038093  -3.623337  -3.623337  0.966793  20.076186  -0.000000  0.000000
15  -0.28  0.00  0.00  80  -22.288946  -2.067354  10.038093  10.038093  -3.623337  -3.623337  0.966793  20.076186  0.000000  0.000000
15  -0.55  0.00  0.00  32  -28.017411  -4.080156  10.829202  10.829198  -6.008835  -6.008835  0.969219  21.658400  -0.000001  -0.000000
15  -0.55  0.00  0.00  48  -28.017670  -4.080150  10.829198  10.829198  -6.008805  -6.008805  0.969219  21.658396  -0.000000  -0.000000
15  -0.55  0.00  0.00  64  -28.017671  -4.080150  10.829198  10.829198  -6.008804  -6.008804  0.969219  21.658396  -0.000000  -0.000000
15  -0.55  0.00  0.00  80  -28.017671  -4.080150  10.829198  10.829198  -6.008804  -6.008804  0.969219  21.658396  0.000000  -0.000000
15  0.33  0.00  0.00  32  -11.000070  0.987688  8.848493  8.848493  1.084424  1.084424  0.962329  17.696985  0.000000  -0.000000
15  0.33  0.00  0.00  48  -11.000258  0.987689  8.848490  8.848490  1.084409  1.084409  0.962329  17.696980  -0.000000  -0.000000
15  0.33  0.00  0.00  64  -11.000259  0.987689  8.848490  8.848490  1.084408  1.084408  0.962329  17.696980  -0.000000  -0.000000
15  0.33  0.00  0.00  80  -11.000259  0.987689  8.848490  8.848490  1.084408  1.084408  0.962329  17.696980  -0.000000  -0.000000
15  0.53  0.00  0.00  32  -5.206954  2.737475  5.635003  5.635003  0.015792  0.015792  0.940846  11.270007  -0.000000  0.000000
15  -0.42  0.00  0.00  32  -25.359007  -3.101581  10.443039  10.443039  4.830049  4.830049  0.968081  20.886077  -0.000000  -0.000000
15  -0.42  0.00  0.00  48  -25.359479  -3.101574  10.443037  10.443037  4.830008  4.830008  0.968081  20.886074  -0.000000  -0.000000
15  -0.42  0.00  0.00  64  -25.359480  -3.101573  10.443037  10.443037  4.830006  4.830006  0.968081  20.886074  0.000000  -0.000000
15  -0.42  0.00  0.00  80  -25.359480  -3.101573  10.443037  10.443037  4.830006  4.830006  0.968081  20.886074  0.000000  -0.000000
15  -1.00  0.00  0.00  32  -38.430489  -7.754967  12.272671  12.272671  9.808835  9.808835  0.972839  24.545342  -0.000000  -0.000000
15  -1.00  0.00  0.00  48  -38.430504  -7.754966  12.272671  12.272671  9.808832  9.808832  0.972839  24.545342  -0.000000  -0.000000
15  -1.00  0.00  0.00  64  -38.430504  -7.754966  12.272671  12.272671  9.808832  9.808832  0.972839  24.545342  0.000000  -0.000000
15  -0.45  0.00  0.00  32  -25.883048  -3.289254  10.516936  10.516937  5.056421  5.056421  0.968305  21.033874  0.000000  -0.000000
15  -0.45  0.00  0.00  48  -25.883471  -3.289247  10.516935  10.516935  5.056382  5.056382  0.968305  21.033870  0.000000  -0.000000
15  -0.45  0.00  0.00  64  -25.883472  -3.289247  10.516935  10.516935  5.056380  5.056380  0.968305  21.033870  0.000000  -0.000000
15  -0.45  0.00  0.00  80  -25.883472  -3.289247  10.516935  10.516935  5.056380  5.056380  0.968305  21.033870  0.000000  -0.000000
15  -1.05  0.00  0.00  32  -39.664633  -8.106884  12.408962  12.408962  -10.111153  -10.111153  0.973138  24.817923  0.000000  -0.000000
15  -1.05  0.00  0.00  48  -39.664644  -8.106884  12.408962  12.408962  -10.111151  -10.111151  0.973138  24.817923  0.000000  -0.000000
15  -1.05  0.00  0.00  64  -39.664644  -8.106884  12.408962  12.408962  -10.111151  -10.111151  0.973138  24.817923  -0.000000  -0.000000
15  0.17  0.00  0.00  32  -13.693849  0.321373  9.112903  9.112929  1.493910  1.493912  0.963422  18.225832  0.000004  0.000000
15  0.17  0.00  0.00  48  -13.694333  0.321378  9.112916  9.112916  1.493877  1.493877  0.963422  18.225833  0.000000  0.000000
15  0.17  0.00  0.00  64  -13.694335  0.321378  9.112916  9.112916  1.493877  1.493877  0.963422  18.225833  -0.000000  0.000000
15  0.17  0.00  0.00  80  -13.694335  0.321378  9.112916  9.112916  1.493877  1.493877  0.963422  18.225833  0.000000  0.000000
15  -0.03  0.00  0.00  32  -17.412022  -0.642576  9.486795  9.486782  2.219728  2.219727  0.964863  18.973577  -0.000002  -0.000000
15  -0.03  0.00  0.00  48  -17.413009  -0.642573  9.486790  9.486790  2.219684  2.219684  0.964863  18.973579  -0.000000  -0.000000
15  -0.03  0.00  0.00  64  -17.413011  -0.642573  9.486790  9.486790  2.219683  2.219683  0.964863  18.973580  -0.000000  -0.000000
15  -0.03  0.00  0.00  80  -17.413011  -0.642573  9.486790  9.486790  2.219683  2.219683  0.964863  18.973580  -0.000000  -0.000000
15  -0.15  0.00  0.00  32  -19.815683  -1.315759  9.746579  9.746597  2.834926  2.834928  0.965800  19.493176  0.000003  0.000000
15  -0.15  0.00  0.00  48  -19.816628  -1.315756  9.746588  9.746588  2.834883  2.834883  0.965800  19.493176  0.000000  0.000000
15  -0.15  0.00  0.00  64  -19.816629  -1.315755  9.746588  9.746588  2.834881  2.834881  0.965800  19.493176  0.000000  0.000000
15  -0.15  0.00  0.00  80  -19.816630  -1.315755  9.746588  9.746588  2.834881  2.834881  0.965800  19.493176  0.000000  0.000000
15  -0.70  0.00  0.00  32  -31.340838  -5.345471  11.329277  11.329279  7.458297  7.458298  0.970578  22.658556  0.000000  0.000000
15  -0.70  0.00  0.00  48  -31.340944  -5.345468  11.329277  11.329277  7.458281  7.458281  0.970578  22.658554  0.000000  0.000000
15  -0.70  0.00  0.00  64  -31.340945  -5.345468  11.329277  11.329277  7.458281  7.458281  0.970578  22.658554  -0.000000  0.000000
15  0.20  0.00  0.00  32  -13.239379  0.434915  9.068363  9.068363  -1.419345  -1.419345  0.963242  18.136726  -0.000000  0.000000
15  0.20  0.00  0.00  48  -13.239803  0.434919  9.068366  9.068366  -1.419320  -1.419320  0.963242  18.136732  -0.000000  0.000000
15  0.20  0.00  0.00  64  -13.239804  0.434919  9.068366  9.068366  -1.419319  -1.419319  0.963242  18.136732  -0.000000  0.000000
15  0.20  0.00  0.00  80  -13.239804  0.434919  9.068366  9.068366  -1.419319  -1.419319  0.963242  18.136732  0.000000  0.000000
15  0.15  0.00  0.00  32  -14.150552  0.206572  9.157792  9.157814  1.571469  1.571471  0.963601  18.315606  0.000003  -0.000000
15  0.15  0.00  0.00  48  -14.151100  0.206576  9.157804  9.157804  1.571434  1.571434  0.963601  18.315607  0.000000  -0.000000
15  0.15  0.00  0.00  64  -14.151101  0.206576  9.157804  9.157804  1.571434  1.571434  0.963601  18.315607  -0.000000  -0.000000
15  0.15  0.00  0.00  80  -14.151101  0.206576  9.157804  9.157804  1.571434  1.571434  0.963601  18.315607  0.000000  -0.000000
15  -0.23  0.00  0.00  32  -21.290450  -1.755892  9.917023  9.917023  -3.284867  -3.284867  0.966388  19.834046  0.000000  -0.000000
15  -0.23  0.00  0.00  48  -21.291242  -1.755887  9.917022  9.917022  -3.284821  -3.284821  0.966388  19.834044  0.000000  -0.000000
15  -0.23  0.00  0.00  64  -21.291243  -1.755887  9.917022  9.917022  -3.284819  -3.284819  0.966388  19.834044  -0.000000  -0.000000
15  -0.23  0.00  0.00  80  -21.291244  -1.755887  9.917022  9.917022  -3.284819  -3.284819  0.966388  19.834044  -0.000000  -0.000000
15  0.10  0.00  0.00  32  -15.070737  -0.027285  9.248838  9.248838  1.736528  1.736528  0.963959  18.497676  0.000000  -0.000000
15  0.10  0.00  0.00  48  -15.071416  -0.027281  9.248838  9.248838  1.736491  1.736491  0.963959  18.497676  0.000000  -0.000000
15  0.10  0.00  0.00  64  -15.071418  -0.027280  9.248838  9.248838  1.736490  1.736490  0.963959  18.497676  0.000000  -0.000000
15  0.10  0.00  0.00  80  -15.071418  -0.027280  9.248838  9.248838  1.736490  1.736490  0.963959  18.497676  -0.000000  -0.000000
Lx  lambda  mu_y  theta  bondD  Energy_GS  winding  eA  eB  MA  MB  U4  Oflip  Oflipp  charge  
23  -0.38  0.00  0.00  48  -37.143766  -4.138159  15.731273  15.731273  6.180207  6.180207  0.978811  31.462546  -0.000000  0.000000
23  -0.38  0.00  0.00  72  -37.143817  -4.138156  15.731272  15.731272  6.180182  6.180182  0.978811  31.462544  0.000000  0.000000
23  -0.38  0.00  0.00  96  -37.143817  -4.138156  15.731272  15.731272  6.180180  6.180180  0.978811  31.462544  0.000000  0.000000
23  -0.38  0.00  0.00  120  -37.143817  -4.138156  15.731272  15.731272  6.180180  6.180180  0.978811  31.462544  0.000000  0.000000
23  -0.68  0.00  0.00  48  -47.008107  -7.869844  17.208545  17.208545  10.954382  10.954382  0.980630  34.417089  0.000000  -0.000000
23  -0.68  0.00  0.00  72  -47.008126  -7.869843  17.208544  17.208544  10.954377  10.954377  0.980630  34.417088  0.000000  -0.000000
23  -0.68  0.00  0.00  96  -47.008126  -7.869843  17.208544  17.208544  10.954376  10.954376  0.980630  34.417088  0.000000  -0.000000
23  -0.42  0.00  0.00  48  -38.727711  -4.694126  15.949729  15.949729  6.893899  6.893899  0.979101  31.899459  0.000000  -0.000000
23  -0.42  0.00  0.00  72  -38.727758  -4.694123  15.949729  15.949729  6.893873  6.893873  0.979101  31.899457  -0.000000  -0.000000
23  -0.42  0.00  0.00  96  -38.727758  -4.694123  15.949729  15.949729  6.893872  6.893872  0.979101  31.899457  0.000000  -0.000000
23  -0.42  0.00  0.00  120  -38.727759  -4.694123  15.949729  15.949729  6.893871  6.893871  0.979101  31.899457  -0.000000  -0.000000
23  0.33  0.00  0.00  48  -16.787254  1.540984  13.522495  13.522496  -1.369358  -1.369358  0.975350  27.044991  0.000000  0.000000
23  0.33  0.00  0.00  72  -16.787323  1.540984  13.522495  13.522495  -1.369351  -1.369351  0.975350  27.044990  0.000000  0.000000
23  0.33  0.00  0.00  96  -16.787323  1.540985  13.522495  13.522495  -1.369351  -1.369351  0.975350  27.044990  0.000000  0.000000
23  0.33  0.00  0.00  120  -16.787323  1.540985  13.522495  13.522495  -1.369351  -1.369351  0.975350  27.044990  0.000000  0.000000
23  -0.85  0.00  0.00  48  -53.193077  -10.184399  18.123596  18.123596  -13.456530  -13.456530  0.981608  36.247192  -0.000000  -0.000000
23  -0.85  0.00  0.00  72  -53.193083  -10.184399  18.123596  18.123596  -13.456529  -13.456529  0.981608  36.247192  -0.000000  -0.000000
23  -0.85  0.00  0.00  96  -53.193083  -10.184399  18.123596  18.123596  -13.456529  -13.456529  0.981608  36.247192  -0.000000  -0.000000
23  -0.45  0.00  0.00  48  -39.528040  -4.983654  16.063869  16.063869  -7.272783  -7.272783  0.979249  32.127738  -0.000000  -0.000000
23  -0.45  0.00  0.00  72  -39.528084  -4.983651  16.063868  16.063868  -7.272758  -7.272758  0.979249  32.127736  0.000000  -0.000000
23  -0.45  0.00  0.00  96  -39.528085  -4.983650  16.063868  16.063868  -7.272757  -7.272757  0.979249  32.127736  -0.000000  -0.000000
23  -0.45  0.00  0.00  120  -39.528085  -4.983650  16.063868  16.063868  -7.272757  -7.272757  0.979249  32.127736  0.000000  -0.000000
23  -0.05  0.00  0.00  48  -27.315403  -1.149887  14.574101  14.574101  3.048387  3.048387  0.977128  29.148202  -0.000000  0.000000
23  -0.05  0.00  0.00  72  -27.315458  -1.149885  14.574101  14.574101  3.048359  3.048359  0.977128  29.148202  0.000000  0.000000
23  -0.05  0.00  0.00  96  -27.315459  -1.149885  14.574101  14.574101  3.048358  3.048358  0.977128  29.148202  -0.000000  0.000000
23  -0.05  0.00  0.00  120  -27.315459  -1.149885  14.574101  14.574101  3.048358  3.048358  0.977128  29.148202  0.000000  0.000000
23  0.17  0.00  0.00  48  -20.904847  0.517737  13.928929  13.928929  -1.910211  -1.910211  0.976069  27.857858  -0.000000  -0.000000
23  0.17  0.00  0.00  72  -20.904903  0.517738  13.928930  13.928930  -1.910199  -1.910199  0.976069  27.857859  0.000000  -0.000000
23  0.17  0.00  0.00  96  -20.904903  0.517738  13.928930  13.928930  -1.910198  -1.910198  0.976069  27.857859  0.000000  -0.000000
23  0.17  0.00  0.00  120  -20.904903  0.517738  13.928930  13.928930  -1.910198  -1.910198  0.976069  27.857859  0.000000  -0.000000
23  -0.33  0.00  0.00  48  -35.581024  -3.612230  15.525599  15.525599  -5.531474  -5.531474  0.978530  31.051198  -0.000000  -0.000000
23  -0.33  0.00  0.00  72  -35.581077  -3.612227  15.525598  15.525598  -5.531446  -5.531446  0.978530  31.051197  0.000000  -0.000000
23  -0.33  0.00  0.00  96  -35.581077  -3.612227  15.525598  15.525598  -5.531445  -5.531445  0.978530  31.051197  0.000000  -0.000000
23  -0.33  0.00  0.00  120  -35.581077  -3.612227  15.525598  15.525598  -5.531445  -5.531445  0.978530  31.051197  0.000000  -0.000000
23  -1.05  0.00  0.00  48  -60.631611  -12.528215  19.040019  19.040019  -15.596441  -15.596441  0.982493  38.080038  -0.000000  -0.000000
23  -1.05  0.00  0.00  72  -60.631613  -12.528215  19.040019  19.040019  -15.596441  -15.596441  0.982493  38.080038  0.000000  -0.000000
23  0.35  0.00  0.00  48  -16.085564  1.728964  13.296418  13.571614  -0.000000  0.000000  0.974931  26.868031  0.013022  -0.000000
23  0.35  0.00  0.00  72  -16.085614  1.728964  13.296546  13.571484  -0.000000  0.000000  0.974931  26.868029  0.013010  0.000000
23  0.35  0.00  0.00  96  -16.085614  1.728964  13.296532  13.571498  0.000000  -0.000000  0.974931  26.868029  0.013011  0.000000
23  0.35  0.00  0.00  120  -16.085614  1.728964  13.296551  13.571478  -0.000000  0.000000  0.974931  26.868029  0.013009  0.000000
23  -1.20  0.00  0.00  48  -66.431600  -14.001242  19.609951  19.609951  -16.799359  -16.799359  0.983002  39.219901  -0.000000  -0.000000
23  -1.20  0.00  0.00  72  -66.431600  -14.001242  19.609951  19.609951  -16.799359  -16.799359  0.983002  39.219901  0.000000  -0.000000
23  -0.23  0.00  0.00  48  -32.514299  -2.641935  15.148764  15.148750  -4.432804  -4.432804  0.977996  30.297514  -0.000001  0.000000
23  -0.23  0.00  0.00  72  -32.514355  -2.641932  15.148756  15.148756  -4.432771  -4.432771  0.977996  30.297513  0.000000  0.000000
23  -0.23  0.00  0.00  96  -32.514355  -2.641931  15.148756  15.148756  -4.432769  -4.432769  0.977996  30.297513  -0.000000  0.000000
23  -0.23  0.00  0.00  120  -32.514355  -2.641931  15.148756  15.148756  -4.432769  -4.432769  0.977996  30.297513  -0.000000  0.000000
23  0.00  0.00  0.00  48  -25.865536  -0.759881  14.424082  14.424080  -2.747436  -2.747435  0.976890  28.848162  -0.000000  0.000000
23  0.00  0.00  0.00  72  -25.865590  -0.759879  14.424082  14.424082  -2.747411  -2.747411  0.976890  28.848163  -0.000000  0.000000
23  0.00  0.00  0.00  96  -25.865591  -0.759879  14.424082  14.424082  -2.747410  -2.747410  0.976890  28.848163  -0.000000  0.000000
23  0.00  0.00  0.00  120  -25.865591  -0.759879  14.424082  14.424082  -2.747410  -2.747410  0.976890  28.848163  -0.000000  0.000000
23  0.25  0.00  0.00  48  -18.830828  1.035060  13.725044  13.725044  1.624798  1.624798  0.975713  27.450089  -0.000000  -0.000000
23  0.25  0.00  0.00  72  -18.830887  1.035062  13.725045  13.725045  1.624789  1.624789  0.975713  27.450089  -0.000000  -0.000000
23  0.25  0.00  0.00  96  -18.830888  1.035062  13.725045  13.725045  1.624789  1.624789  0.975713  27.450089  0.000000  -0.000000
23  0.25  0.00  0.00  120  -18.830888  1.035062  13.725045  13.725045  1.624789  1.624789  0.975713  27.450089  0.000000  -0.000000
23  -0.25  0.00  0.00  48  -33.273984  -2.875142  15.239038  15.239029  4.683511  4.683510  0.978126  30.478067  -0.000001  -0.000000
23  -0.25  0.00  0.00  72  -33.274039  -2.875138  15.239033  15.239033  4.683478  4.683478  0.978126  30.478066  -0.000000  -0.000000
23  -0.25  0.00  0.00  96  -33.274040  -2.875138  15.239033  15.239033  4.683477  4.683477  0.978126  30.478066  -0.000000  -0.000000
23  -0.25  0.00  0.00  120  -33.274040  -2.875138  15.239033  15.239033  4.683476  4.683476  0.978126  30.478066  -0.000000  -0.000000
23  0.47  0.00  0.00  48  -12.791840  2.537250  13.110567  13.110567  0.923794  0.923794  0.974575  26.221133  -0.000000  -0.000000
23  0.47  0.00  0.00  72  -12.791939  2.537256  13.110567  13.110566  0.923785  0.923785  0.974575  26.221133  -0.000000  -0.000000
23  0.47  0.00  0.00  96  -12.791939  2.537256  13.110567  13.110567  0.923784  0.923784  0.974575  26.221133  0.000000  -0.000000
23  0.47  0.00  0.00  120  -12.791939  2.537256  13.110567  13.110567  0.923784  0.923784  0.974575  26.221133  0.000000  -0.000000
23  0.03  0.00  0.00  48  -25.146168  -0.569658  14.350812  14.350809  -2.608994  -2.608994  0.976773  28.701620  -0.000000  -0.000000
23  0.03  0.00  0.00  72  -25.146223  -0.569657  14.350811  14.350811  -2.608971  -2.608971  0.976773  28.701622  -0.000000  -0.000000
23  0.03  0.00  0.00  96  -25.146223  -0.569657  14.350811  14.350811  -2.608970  -2.608970  0.976773  28.701622  0.000000  -0.000000
23  0.03  0.00  0.00  120  -25.146223  -0.569657  14.350811  14.350811  -2.608970  -2.608970  0.976773  28.701622  0.000000  -0.000000
23  -0.78  0.00  0.00  48  -50.503123  -9.210327  17.739512  17.739512  -12.458085  -12.458085  0.981210  35.479024  0.000000  0.000000
23  -0.78  0.00  0.00  72  -50.503133  -9.210327  17.739512  17.739512  -12.458083  -12.458083  0.981210  35.479024  -0.000000  0.000000
23  -0.78  0.00  0.00  96  -50.503133  -9.210327  17.739512  17.739512  -12.458083  -12.458083  0.981210  35.479024  0.000000  0.000000
23  -0.95  0.00  0.00  48  -56.866487  -11.408447  18.603636  18.603636  -14.614619  -14.614619  0.982082  37.207272  0.000000  -0.000000
23  -0.95  0.00  0.00  72  -56.866490  -11.408447  18.603636  18.603636  -14.614619  -14.614619  0.982082  37.207272  -0.000000  -0.000000
23  -0.47  0.00  0.00  48  -40.334156  -5.280796  16.181241  16.181240  7.664272  7.664272  0.979400  32.362481  -0.000000  0.000000
23  -0.47  0.00  0.00  72  -40.334199  -5.280793  16.181239  16.181239  7.664249  7.664249  0.979400  32.362479  -0.000000  0.000000
23  -0.47  0.00  0.00  96  -40.334199  -5.280793  16.181239  16.181239  7.664248  7.664248  0.979400  32.362479  -0.000000  0.000000
23  -0.47  0.00  0.00  120  -40.334199  -5.280793  16.181239  16.181239  7.664248  7.664248  0.979400  32.362479  0.000000  0.000000
23  -0.13  0.00  0.00  48  -29.519007  -1.762387  14.809602  14.809600  3.570646  3.570646  0.977492  29.619202  -0.000000  -0.000000
23  -0.13  0.00  0.00  72  -29.519063  -1.762384  14.809601  14.809601  3.570615  3.570615  0.977492  29.619202  -0.000000  -0.000000
23  -0.13  0.00  0.00  96  -29.519063  -1.762384  14.809601  14.809601  3.570614  3.570614  0.977492  29.619202  0.000000  -0.000000
23  -0.13  0.00  0.00  120  -29.519063  -1.762384  14.809601  14.809601  3.570614  3.570614  0.977492  29.619202  0.000000  -0.000000
23  -0.28  0.00  0.00  48  -34.038245  -3.114362  15.331826  15.331826  -4.949819  -4.949819  0.978259  30.663652  0.000000  0.000000
23  -0.28  0.00  0.00  72  -34.038300  -3.114358  15.331825  15.331825  -4.949787  -4.949787  0.978259  30.663650  0.000000  0.000000
23  -0.28  0.00  0.00  96  -34.038301  -3.114358  15.331825  15.331825  -4.949786  -4.949786  0.978259  30.663650  -0.000000  0.000000
23  -0.28  0.00  0.00  120  -34.038301  -3.114358  15.331825  15.331825  -4.949786  -4.949786  0.978259  30.663650  -0.000000  0.000000
23  -0.55  0.00  0.00  48  -42.788786  -6.214658  16.551246  16.551246  8.891894  8.891894  0.979861  33.102491  -0.000000  0.000000
23  -0.55  0.00  0.00  72  -42.788820  -6.214656  16.551245  16.551245  8.891879  8.891879  0.979861  33.102490  -0.000000  0.000000
23  -0.55  0.00  0.00  96  -42.788820  -6.214656  16.551245  16.551245  8.891878  8.891878  0.979861  33.102490  -0.000000  0.000000
23  -0.55  0.00  0.00  120  -42.788820  -6.214656  16.551245  16.551245  8.891878  8.891878  0.979861  33.102490  0.000000  0.000000
23  0.10  0.00  0.00  48  -23.009704  -0.015562  14.136666  14.136666  2.234453  2.234453  0.976421  28.273331  -0.000000  0.000000
23  0.10  0.00  0.00  72  -23.009759  -0.015561  14.136667  14.136667  2.234437  2.234437  0.976421  28.273333  -0.000000  0.000000
23  0.10  0.00  0.00  96  -23.009759  -0.015561  14.136667  14.136667  2.234436  2.234436  0.976421  28.273333  0.000000  0.000000
23  0.10  0.00  0.00  120  -23.009759  -0.015561  14.136667  14.136667  2.234436  2.234436  0.976421  28.273333  -0.000000  0.000000
23  -0.75  0.00  0.00  48  -49.619425  -8.878007  17.608106  17.608106  -12.099844  -12.099844  0.981069  35.216211  -0.000000  0.000000
23  -0.75  0.00  0.00  72  -49.619437  -8.878006  17.608105  17.608105  -12.099841  -12.099841  0.981069  35.216211  -0.000000  0.000000
23  -0.75  0.00  0.00  96  -49.619437  -8.878006  17.608105  17.608105  -12.099841  -12.099841  0.981069  35.216211  0.000000  0.000000
23  -0.80  0.00  0.00  48  -51.393355  -9.539309  17.869422  17.869422  -12.803672  -12.803672  0.981346  35.738843  0.000000  0.000000
23  -0.80  0.00  0.00  72  -51.393364  -9.539308  17.869421  17.869421  -12.803670  -12.803670  0.981346  35.738843  -0.000000  0.000000
23  -0.80  0.00  0.00  96  -51.393364  -9.539308  17.869421  17.869421  -12.803670  -12.803670  0.981346  35.738843  -0.000000  0.000000
23  -0.63  0.00  0.00  48  -45.300593  -7.198587  16.942003  16.942003  10.142784  10.142784  0.980325  33.884006  -0.000000  -0.000000
23  -0.63  0.00  0.00  72  -45.300618  -7.198585  16.942002  16.942002  10.142776  10.142776  0.980325  33.884005  0.000000  -0.000000
23  -0.63  0.00  0.00  96  -45.300618  -7.198585  16.942002  16.942002  10.142775  10.142775  0.980325  33.884005  -0.000000  -0.000000
23  0.42  0.00  0.00  48  -14.109895  2.205768  13.249918  13.249918  1.064203  1.064203  0.974843  26.499835  0.000000  -0.000000
23  0.42  0.00  0.00  72  -14.109987  2.205770  13.249917  13.249917  1.064192  1.064192  0.974843  26.499835  0.000000  -0.000000
23  0.42  0.00  0.00  96  -14.109987  2.205771  13.249917  13.249917  1.064191  1.064191  0.974843  26.499835  -0.000000  -0.000000
23  0.42  0.00  0.00  120  -14.109987  2.205771  13.249917  13.249917  1.064191  1.064191  0.974843  26.499835  -0.000000  -0.000000
23  0.38  0.00  0.00  48  -15.441763  1.874190  13.386917  13.386917  1.212357  1.212357  0.975100  26.773834  -0.000000  0.000000
23  0.38  0.00  0.00  72  -15.441844  1.874187  13.386914  13.386914  1.212346  1.212346  0.975100  26.773828  -0.000000  0.000000
23  0.38  0.00  0.00  96  -15.441844  1.874187  13.386914  13.386914  1.212346  1.212346  0.975100  26.773828  0.000000  0.000000
23  0.38  0.00  0.00  120  -15.441844  1.874187  13.386914  13.386914  1.212346  1.212346  0.975100  26.773828  0.000000  0.000000
23  -1.10  0.00  0.00  48  -62.545764  -13.046614  19.241127  19.241127  -16.030077  -16.030077  0.982676  38.482255  0.000000  -0.000000
23  -1.10  0.00  0.00  72  -62.545764  -13.046614  19.241127  19.241127  -16.030077  -16.030077  0.982676  38.482255  0.000000  -0.000000
23  -0.20  0.00  0.00  48  -31.759069  -2.414391  15.060831  15.060835  4.196978  4.196978  0.977868  30.121666  0.000000  0.000000
23  -0.20  0.00  0.00  72  -31.759124  -2.414388  15.060833  15.060833  4.196945  4.196945  0.977868  30.121666  0.000000  0.000000
23  -0.20  0.00  0.00  96  -31.759125  -2.414388  15.060833  15.060833  4.196944  4.196944  0.977868  30.121666  0.000000  0.000000
23  -0.20  0.00  0.00  120  -31.759125  -2.414388  15.060833  15.060833  4.196944  4.196944  0.977868  30.121666  0.000000  0.000000
23  -0.40  0.00  0.00  48  -37.933008  -4.412307  15.838868  15.838868  6.529292  6.529292  0.978955  31.677736  -0.000000  0.000000
23  -0.40  0.00  0.00  72  -37.933057  -4.412303  15.838867  15.838867  6.529267  6.529267  0.978955  31.677735  -0.000000  0.000000
23  -0.40  0.00  0.00  96  -37.933057  -4.412303  15.838867  15.838867  6.529266  6.529266  0.978955  31.677735  0.000000  0.000000
23  -0.40  0.00  0.00  120  -37.933057  -4.412303  15.838867  15.838867  6.529265  6.529265  0.978955  31.677735  0.000000  0.000000
23  0.50  0.00  0.00  48  -10.609094  2.422659  11.228316  11.228316  -1.188070  -1.188070  0.970313  22.456632  0.000000  -0.000000
23  0.50  0.00  0.00  72  -10.609097  2.422659  11.228316  11.228316  -1.188070  -1.188070  0.970313  22.456632  0.000000  -0.000000
23  -0.82  0.00  0.00  48  -52.290038  -9.864212  17.997534  17.997534  -13.136469  -13.136469  0.981479  35.995069  -0.000000  0.000000
23  -0.82  0.00  0.00  72  -52.290045  -9.864212  17.997534  17.997534  -13.136468  -13.136468  0.981479  35.995069  -0.000000  0.000000
23  -0.82  0.00  0.00  96  -52.290045  -9.864212  17.997534  17.997534  -13.136468  -13.136468  0.981479  35.995069  -0.000000  0.000000
23  -0.65  0.00  0.00  48  -46.151017  -7.533406  17.074982  17.074982  -10.552337  -10.552337  0.980478  34.149965  0.000000  -0.000000
23  -0.65  0.00  0.00  72  -46.151039  -7.533405  17.074982  17.074982  -10.552330  -10.552330  0.980478  34.149964  0.000000  -0.000000
23  -0.65  0.00  0.00  96  -46.151039  -7.533405  17.074982  17.074982  -10.552330  -10.552330  0.980478  34.149964  0.000000  -0.000000
23  -1.00  0.00  0.00  48  -58.738139  -11.982039  18.827506  18.827506  -15.125797  -15.125797  0.982295  37.655013  0.000000  -0.000000
23  -1.00  0.00  0.00  72  -58.738141  -11.982039  18.827506  18.827506  -15.125797  -15.125797  0.982295  37.655013  -0.000000  -0.000000
23  -0.93  0.00  0.00  48  -55.939196  -11.111680  18.487535  18.487535  14.342704  14.342704  0.981970  36.975070  0.000000  0.000000
23  -0.93  0.00  0.00  72  -55.939200  -11.111680  18.487535  18.487535  14.342704  14.342704  0.981970  36.975070  0.000000  0.000000
23  -0.88  0.00  0.00  48  -54.102362  -10.499327  18.247393  18.247393  13.764047  13.764047  0.981733  36.494786  0.000000  -0.000000
23  -0.88  0.00  0.00  72  -54.102367  -10.499327  18.247393  18.247393  13.764047  13.764047  0.981733  36.494786  -0.000000  -0.000000
23  -1.07  0.00  0.00  48  -61.586174  -12.790886  19.141993  19.141993  15.817672  15.817672  0.982586  38.283985  -0.000000  -0.000000
23  -1.07  0.00  0.00  72  -61.586175  -12.790886  19.141993  19.141993  15.817671  15.817671  0.982586  38.283985  -0.000000  -0.000000
23  -0.10  0.00  0.00  48  -28.780535  -1.554214  14.729538  14.729537  -3.386098  -3.386098  0.977370  29.459075  -0.000000  -0.000000
23  -0.10  0.00  0.00  72  -28.780591  -1.554211  14.729538  14.729538  -3.386068  -3.386068  0.977370  29.459075  -0.000000  -0.000000
23  -0.10  0.00  0.00  96  -28.780592  -1.554211  14.729538  14.729538  -3.386067  -3.386067  0.977370  29.459075  0.000000  -0.000000
23  -0.10  0.00  0.00  120  -28.780592  -1.554211  14.729538  14.729538  -3.386067  -3.386067  0.977370  29.459075  0.000000  -0.000000
23  0.30  0.00  0.00  48  -17.465071  1.373330  13.590022  13.590022  1.451626  1.451626  0.975472  27.180044  -0.000000  0.000000
23  0.30  0.00  0.00  72  -17.465136  1.373330  13.590021  13.590021  1.451619  1.451619  0.975472  27.180043  0.000000  0.000000
23  0.30  0.00  0.00  96  -17.465136  1.373331  13.590021  13.590021  1.451619  1.451619  0.975472  27.180042  -0.000000  0.000000
23  0.30  0.00  0.00  120  -17.465136  1.373331  13.590021  13.590021  1.451619  1.451619  0.975472  27.180042  -0.000000  0.000000
23  0.45  0.00  0.00  48  -13.449129  2.371426  13.180601  13.180601  -0.993086  -0.993086  0.974710  26.361202  0.000000  0.000000
23  0.45  0.00  0.00  72  -13.449221  2.371425  13.180600  13.180600  -0.993074  -0.993074  0.974710  26.361199  0.000000  0.000000
23  0.45  0.00  0.00  96  -13.449222  2.371425  13.180600  13.180600  -0.993074  -0.993074  0.974710  26.361199  -0.000000  0.000000
23  0.45  0.00  0.00  120  -13.449222  2.371425  13.180600  13.180600  -0.993074  -0.993074  0.974710  26.361199  0.000000  0.000000
23  -0.57  0.00  0.00  48  -43.619553  -6.538185  16.679686  16.679686  9.309990  9.309990  0.980016  33.359371  -0.000000  0.000000
23  -0.57  0.00  0.00  72  -43.619584  -6.538183  16.679685  16.679685  9.309977  9.309977  0.980016  33.359370  -0.000000  0.000000
23  -0.57  0.00  0.00  96  -43.619585  -6.538182  16.679685  16.679685  9.309977  9.309977  0.980016  33.359370  0.000000  0.000000
23  -0.53  0.00  0.00  48  -41.964384  -5.896789  16.425151  16.425151  8.476385  8.476385  0.979706  32.850302  -0.000000  -0.000000
23  -0.53  0.00  0.00  72  -41.964421  -5.896786  16.425150  16.425150  8.476367  8.476367  0.979706  32.850300  0.000000  -0.000000
23  -0.53  0.00  0.00  96  -41.964421  -5.896786  16.425150  16.425150  8.476366  8.476366  0.979706  32.850300  -0.000000  -0.000000
23  -0.53  0.00  0.00  120  -41.964421  -5.896786  16.425150  16.425150  8.476366  8.476366  0.979706  32.850300  -0.000000  -0.000000
23  -1.18  0.00  0.00  48  -65.453294  -13.772660  19.521816  19.521816  -16.618342  -16.618342  0.982925  39.043631  -0.000000  0.000000
23  -1.18  0.00  0.00  72  -65.453295  -13.772660  19.521816  19.521816  -16.618342  -16.618342  0.982925  39.043631  0.000000  0.000000
23  -0.07  0.00  0.00  48  -28.046027  -1.350136  14.651081  14.651081  -3.212276  -3.212276  0.977249  29.302162  -0.000000  0.000000
23  -0.07  0.00  0.00  72  -28.046082  -1.350134  14.651081  14.651081  -3.212246  -3.212246  0.977249  29.302162  -0.000000  0.000000
23  -0.07  0.00  0.00  96  -28.046083  -1.350133  14.651081  14.651081  -3.212245  -3.212245  0.977249  29.302162  0.000000  0.000000
23  -0.07  0.00  0.00  120  -28.046083  -1.350133  14.651081  14.651081  -3.212245  -3.212245  0.977249  29.302162  0.000000  0.000000
23  -1.13  0.00  0.00  48  -63.510240  -13.295440  19.337451  19.337451  -16.234067  -16.234067  0.982762  38.674902  0.000000  0.000000
23  -1.13  0.00  0.00  72  -63.510241  -13.295440  19.337451  19.337451  -16.234067  -16.234067  0.982762  38.674902  0.000000  0.000000
23  -0.17  0.00  0.00  48  -31.008179  -2.192169  14.975102  14.975102  3.975237  3.975237  0.977741  29.950204  0.000000  0.000000
23  -0.17  0.00  0.00  72  -31.008235  -2.192166  14.975102  14.975102  3.975205  3.975205  0.977741  29.950204  -0.000000  0.000000
23  -0.17  0.00  0.00  96  -31.008236  -2.192166  14.975102  14.975102  3.975204  3.975204  0.977741  29.950204  0.000000  0.000000
23  -0.17  0.00  0.00  120  -31.008236  -2.192166  14.975102  14.975102  3.975204  3.975204  0.977741  29.950204  0.000000  0.000000
23  -1.15  0.00  0.00  48  -64.479463  -13.537427  19.430999  19.430999  16.430030  16.430030  0.982845  38.861998  -0.000000  -0.000000
23  -1.15  0.00  0.00  72  -64.479463  -13.537427  19.430999  19.430999  16.430030  16.430030  0.982845  38.861998  0.000000  -0.000000
23  0.15  0.00  0.00  48  -21.603009  0.341976  13.997623  13.997623  -2.013469  -2.013469  0.976186  27.995245  0.000000  -0.000000
23  0.15  0.00  0.00  72  -21.603065  0.341977  13.997623  13.997623  -2.013456  -2.013456  0.976186  27.995247  0.000000  -0.000000
23  0.15  0.00  0.00  96  -21.603065  0.341977  13.997623  13.997623  -2.013455  -2.013455  0.976186  27.995247  0.000000  -0.000000
23  0.15  0.00  0.00  120  -21.603065  0.341977  13.997623  13.997623  -2.013455  -2.013455  0.976186  27.995247  0.000000  -0.000000
23  -0.97  0.00  0.00  48  -57.799515  -11.698621  18.716978  18.716978  14.875500  14.875500  0.982191  37.433955  0.000000  0.000000
23  -0.97  0.00  0.00  72  -57.799517  -11.698621  18.716978  18.716978  14.875500  14.875500  0.982191  37.433955  0.000000  0.000000
23  -0.60  0.00  0.00  48  -44.456793  -6.866490  16.810083  16.810083  -9.727851  -9.727851  0.980171  33.620165  -0.000000  0.000000
23  -0.60  0.00  0.00  72  -44.456821  -6.866489  16.810082  16.810082  -9.727841  -9.727841  0.980171  33.620164  -0.000000  0.000000
23  -0.60  0.00  0.00  96  -44.456821  -6.866489  16.810082  16.810082  -9.727840  -9.727840  0.980171  33.620164  0.000000  0.000000
23  -0.35  0.00  0.00  48  -36.359824  -3.871542  15.626883  15.626883  -5.847460  -5.847460  0.978669  31.253766  0.000000  -0.000000
23  -0.35  0.00  0.00  72  -36.359876  -3.871538  15.626882  15.626882  -5.847434  -5.847434  0.978669  31.253764  0.000000  -0.000000
23  -0.35  0.00  0.00  96  -36.359877  -3.871538  15.626882  15.626882  -5.847432  -5.847432  0.978669  31.253764  -0.000000  -0.000000
23  -0.35  0.00  0.00  120  -36.359877  -3.871538  15.626882  15.626882  -5.847432  -5.847432  0.978669  31.253764  -0.000000  -0.000000
23  0.07  0.00  0.00  48  -23.718297  -0.197700  14.207205  14.207205  2.353060  2.353060  0.976538  28.414410  -0.000000  -0.000000
23  0.07  0.00  0.00  72  -23.718352  -0.197699  14.207206  14.207206  2.353042  2.353042  0.976538  28.414412  -0.000000  -0.000000
23  0.07  0.00  0.00  96  -23.718353  -0.197698  14.207206  14.207206  2.353042  2.353042  0.976538  28.414412  0.000000  -0.000000
23  0.07  0.00  0.00  120  -23.718353  -0.197698  14.207206  14.207206  2.353042  2.353042  0.976538  28.414412  0.000000  -0.000000
23  0.53  0.00  0.00  48  -8.733299  3.222294  9.559405  9.559405  -0.789102  -0.789102  0.965130  19.118809  0.000000  0.000000
23  -0.03  0.00  0.00  48  -26.588594  -0.953215  14.498475  14.498473  -2.893678  -2.893678  0.977009  28.996948  -0.000000  0.000000
23  -0.03  0.00  0.00  72  -26.588649  -0.953213  14.498474  14.498474  -2.893651  -2.893651  0.977009  28.996948  0.000000  0.000000
23  -0.03  0.00  0.00  96  -26.588650  -0.953213  14.498474  14.498474  -2.893650  -2.893650  0.977009  28.996948  0.000000  0.000000
23  -0.03  0.00  0.00  120  -26.588650  -0.953213  14.498474  14.498474  -2.893650  -2.893650  0.977009  28.996948  0.000000  0.000000
23  -0.50  0.00  0.00  48  -41.146221  -5.585310  16.301730  16.301730  -8.066282  -8.066282  0.979552  32.603459  -0.000000  -0.000000
23  -0.50  0.00  0.00  72  -41.146260  -5.585307  16.301729  16.301729  -8.066262  -8.066262  0.979552  32.603457  0.000000  -0.000000
23  -0.50  0.00  0.00  96  -41.146261  -5.585307  16.301729  16.301729  -8.066261  -8.066261  0.979552  32.603457  -0.000000  -0.000000
23  -0.50  0.00  0.00  120  -41.146261  -5.585307  16.301729  16.301729  -8.066261  -8.066261  0.979552  32.603457  0.000000  -0.000000
23  -0.30  0.00  0.00  48  -34.807212  -3.359944  15.427295  15.427295  -5.232329  -5.232329  0.978393  30.854591  0.000000  0.000000
23  -0.30  0.00  0.00  72  -34.807266  -3.359940  15.427294  15.427294  -5.232299  -5.232299  0.978393  30.854589  -0.000000  0.000000
23  -0.30  0.00  0.00  96  -34.807267  -3.359940  15.427294  15.427294  -5.232298  -5.232298  0.978393  30.854589  0.000000  0.000000
23  -0.30  0.00  0.00  120  -34.807267  -3.359940  15.427294  15.427294  -5.232298  -5.232298  0.978393  30.854589  0.000000  0.000000
23  -0.15  0.00  0.00  48  -30.261524  -1.974939  14.891406  14.891410  3.766743  3.766744  0.977616  29.782816  0.000000  0.000000
23  -0.15  0.00  0.00  72  -30.261580  -1.974936  14.891408  14.891408  3.766712  3.766712  0.977616  29.782816  0.000000  0.000000
23  -0.15  0.00  0.00  96  -30.261581  -1.974936  14.891408  14.891408  3.766711  3.766711  0.977616  29.782816  0.000000  0.000000
23  -0.15  0.00  0.00  120  -30.261581  -1.974936  14.891408  14.891408  3.766711  3.766711  0.977616  29.782816  0.000000  0.000000
23  -0.70  0.00  0.00  48  -47.871879  -8.206794  17.342217  17.342217  11.347165  11.347165  0.980779  34.684433  0.000000  0.000000
23  -0.70  0.00  0.00  72  -47.871896  -8.206794  17.342216  17.342216  11.347160  11.347160  0.980779  34.684433  0.000000  0.000000
23  -0.70  0.00  0.00  96  -47.871896  -8.206794  17.342216  17.342216  11.347160  11.347160  0.980779  34.684433  0.000000  0.000000
23  0.20  0.00  0.00  48  -20.210108  0.691724  13.860663  13.860663  1.811245  1.811245  0.975951  27.721326  -0.000000  -0.000000
23  0.20  0.00  0.00  72  -20.210165  0.691726  13.860664  13.860664  1.811235  1.811235  0.975951  27.721327  0.000000  -0.000000
23  0.20  0.00  0.00  96  -20.210165  0.691726  13.860664  13.860664  1.811234  1.811234  0.975951  27.721327  0.000000  -0.000000
23  0.20  0.00  0.00  120  -20.210165  0.691726  13.860664  13.860664  1.811234  1.811234  0.975951  27.721327  0.000000  -0.000000
23  0.55  0.00  0.00  48  -8.258782  3.390717  9.537052  9.537052  -0.456235  -0.456235  0.965049  19.074104  -0.000000  -0.000000
23  0.05  0.00  0.00  48  -24.430438  -0.382333  14.278553  14.278553  2.477727  2.477727  0.976655  28.557106  0.000000  0.000000
23  0.05  0.00  0.00  72  -24.430493  -0.382332  14.278554  14.278554  2.477708  2.477708  0.976655  28.557108  0.000000  0.000000
23  0.05  0.00  0.00  96  -24.430493  -0.382332  14.278554  14.278554  2.477707  2.477707  0.976655  28.557108  0.000000  0.000000
23  0.05  0.00  0.00  120  -24.430493  -0.382332  14.278554  14.278554  2.477707  2.477707  0.976655  28.557108  0.000000  0.000000
23  0.28  0.00  0.00  48  -18.146262  1.204745  13.657506  13.657506  1.536691  1.536691  0.975593  27.315011  0.000000  -0.000000
23  0.28  0.00  0.00  72  -18.146324  1.204746  13.657506  13.657506  1.536684  1.536684  0.975593  27.315011  -0.000000  -0.000000
23  0.28  0.00  0.00  96  -18.146324  1.204746  13.657506  13.657506  1.536683  1.536683  0.975593  27.315011  -0.000000  -0.000000
23  0.28  0.00  0.00  120  -18.146324  1.204746  13.657506  13.657506  1.536683  1.536683  0.975593  27.315011  0.000000  -0.000000
23  -0.90  0.00  0.00  48  -55.017777  -10.808543  18.368752  18.368752  -14.059317  -14.059317  0.981853  36.737504  -0.000000  0.000000
23  -0.90  0.00  0.00  72  -55.017781  -10.808543  18.368752  18.368752  -14.059316  -14.059316  0.981853  36.737504  0.000000  0.000000
23  0.40  0.00  0.00  48  -14.774113  2.040086  13.318648  13.318648  1.137251  1.137251  0.974972  26.637296  0.000000  0.000000
23  0.40  0.00  0.00  72  -14.774203  2.040089  13.318649  13.318649  1.137240  1.137240  0.974972  26.637298  -0.000000  0.000000
23  0.40  0.00  0.00  96  -14.774204  2.040089  13.318649  13.318649  1.137240  1.137240  0.974972  26.637298  -0.000000  0.000000
23  0.40  0.00  0.00  120  -14.774204  2.040089  13.318649  13.318649  1.137240  1.137240  0.974972  26.637298  0.000000  0.000000
23  0.23  0.00  0.00  48  -19.518773  0.864109  13.792732  13.792732  -1.716217  -1.716217  0.975833  27.585465  0.000000  0.000000
23  0.23  0.00  0.00  72  -19.518831  0.864111  13.792733  13.792733  -1.716207  -1.716207  0.975833  27.585466  -0.000000  0.000000
23  0.23  0.00  0.00  96  -19.518831  0.864111  13.792733  13.792733  -1.716207  -1.716207  0.975833  27.585466  -0.000000  0.000000
23  0.23  0.00  0.00  120  -19.518831  0.864111  13.792733  13.792733  -1.716207  -1.716207  0.975833  27.585466  0.000000  0.000000
23  0.13  0.00  0.00  48  -22.304619  0.164269  14.066837  14.066837  2.121408  2.121409  0.976304  28.133674  0.000000  0.000000
23  0.13  0.00  0.00  72  -22.304674  0.164270  14.066838  14.066838  2.121394  2.121394  0.976304  28.133675  0.000000  0.000000
23  0.13  0.00  0.00  96  -22.304674  0.164270  14.066838  14.066838  2.121394  2.121394  0.976304  28.133675  0.000000  0.000000
23  0.13  0.00  0.00  120  -22.304674  0.164270  14.066838  14.066838  2.121394  2.121394  0.976304  28.133675  0.000000  0.000000
23  -0.72  0.00  0.00  48  -48.742328  -8.543186  17.475545  17.475545  11.729317  11.729317  0.980926  34.951090  -0.000000  -0.000000
23  -0.72  0.00  0.00  72  -48.742342  -8.543185  17.475545  17.475545  11.729314  11.729314  0.980926  34.951090  -0.000000  -0.000000
23  -0.72  0.00  0.00  96  -48.742342  -8.543185  17.475545  17.475545  11.729314  11.729314  0.980926  34.951090  -0.000000  -0.000000
23  -1.02  0.00  0.00  48  -59.682219  -12.258592  18.935191  18.935191  15.365962  15.365962  0.982396  37.870383  -0.000000  -0.000000
23  -1.02  0.00  0.00  72  -59.682220  -12.258592  18.935191  18.935191  15.365961  15.365961  0.982396  37.870383  0.000000  -0.000000
15  0.07  0.00  0.00  48  -15.535013  -0.146578  9.295111  9.295112  1.824499  1.824499  0.964139  18.590223  0.000000  0.000000
15  0.07  0.00  0.00  64  -15.535014  -0.146578  9.295112  9.295112  1.824498  1.824498  0.964139  18.590223  0.000000  0.000000
15  0.07  0.00  0.00  80  -15.535014  -0.146577  9.295112  9.295112  1.824498  1.824498  0.964139  18.590223  -0.000000  0.000000
15  0.05  0.00  0.00  64  -16.000939  -0.267622  9.341976  9.341976  -1.916523  -1.916523  0.964319  18.683952  -0.000000  -0.000000
15  0.05  0.00  0.00  80  -16.000939  -0.267622  9.341976  9.341976  -1.916523  -1.916523  0.964319  18.683952  0.000000  -0.000000
15  0.03  0.00  0.00  64  -16.469223  -0.390544  9.389498  9.389498  2.012856  2.012856  0.964499  18.778996  -0.000000  0.000000
15  0.03  0.00  0.00  80  -16.469223  -0.390544  9.389498  9.389498  2.012856  2.012856  0.964499  18.778996  0.000000  0.000000
15  -0.75  0.00  0.00  48  -32.482278  -5.771294  11.497123  11.497123  7.913582  7.913582  0.971007  22.994246  0.000000  0.000000
15  -0.75  0.00  0.00  64  -32.482279  -5.771294  11.497123  11.497123  7.913582  7.913582  0.971007  22.994245  -0.000000  0.000000
15  0.23  0.00  0.00  32  -12.787125  0.547311  9.024088  9.024088  1.347567  1.347567  0.963062  18.048176  -0.000000  0.000000
15  0.23  0.00  0.00  48  -12.787492  0.547314  9.024091  9.024090  1.347545  1.347545  0.963062  18.048181  -0.000000  0.000000
15  0.23  0.00  0.00  64  -12.787494  0.547314  9.024091  9.024091  1.347545  1.347545  0.963062  18.048181  -0.000000  0.000000
15  0.23  0.00  0.00  80  -12.787494  0.547314  9.024091  9.024091  1.347545  1.347545  0.963062  18.048181  -0.000000  0.000000
15  -0.07  0.00  0.00  48  -18.366695  -0.903823  9.587561  9.587561  2.447572  2.447572  0.965233  19.175122  -0.000000  0.000000
15  0.13  0.00  0.00  64  -14.610122  0.090397  9.203090  9.203090  -1.652223  -1.652223  0.963780  18.406180  -0.000000  0.000000
15  0.13  0.00  0.00  80  -14.610122  0.090397  9.203090  9.203090  -1.652223  -1.652223  0.963780  18.406180  0.000000  0.000000
15  -0.13  0.00  0.00  48  -19.330658  -1.175547  9.692423  9.692423  2.699255  2.699255  0.965609  19.384845  -0.000000  -0.000000
15  -0.13  0.00  0.00  64  -19.330659  -1.175547  9.692423  9.692423  2.699253  2.699253  0.965609  19.384845  0.000000  -0.000000
15  -0.13  0.00  0.00  80  -19.330659  -1.175547  9.692423  9.692423  2.699253  2.699253  0.965609  19.384845  0.000000  -0.000000
15  -1.05  0.00  0.00  32  -39.664633  -8.106884  12.408962  12.408962  -10.111153  -10.111153  0.973138  24.817923  0.000000  -0.000000
15  -1.05  0.00  0.00  48  -39.664644  -8.106884  12.408962  12.408962  -10.111151  -10.111151  0.973138  24.817923  0.000000  -0.000000
15  -1.05  0.00  0.00  64  -39.664644  -8.106884  12.408962  12.408962  -10.111151  -10.111151  0.973138  24.817923  -0.000000  -0.000000
15  -0.23  0.00  0.00  32  -21.290450  -1.755892  9.917023  9.917023  -3.284867  -3.284867  0.966388  19.834046  0.000000  -0.000000
15  -0.23  0.00  0.00  48  -21.291242  -1.755887  9.917022  9.917022  -3.284821  -3.284821  0.966388  19.834044  0.000000  -0.000000
15  -0.23  0.00  0.00  64  -21.291243  -1.755887  9.917022  9.917022  -3.284819  -3.284819  0.966388  19.834044  -0.000000  -0.000000
15  -0.23  0.00  0.00  80  -21.291244  -1.755887  9.917022  9.917022  -3.284819  -3.284819  0.966388  19.834044  -0.000000  -0.000000
31  -0.07  0.00  0.00  96  -37.727335  -1.796928  19.715229  19.715229  3.854523  3.854523  0.983093  39.430459  0.000000  0.000000
31  -0.07  0.00  0.00  128  -37.727336  -1.796928  19.715229  19.715229  3.854523  3.854523  0.983093  39.430459  -0.000000  0.000000
31  -0.07  0.00  0.00  160  -37.727336  -1.796928  19.715229  19.715229  3.854523  3.854523  0.983093  39.430459  -0.000000  0.000000
31  -0.33  0.00  0.00  64  -47.864801  -4.825765  20.883823  20.883824  6.906026  6.906026  0.984039  41.767647  0.000000  0.000000
31  -0.33  0.00  0.00  96  -47.864846  -4.825764  20.883823  20.883823  6.906001  6.906001  0.984039  41.767647  0.000000  0.000000
31  -0.33  0.00  0.00  128  -47.864846  -4.825764  20.883823  20.883823  6.906000  6.906000  0.984039  41.767647  -0.000000  0.000000
31  -0.33  0.00  0.00  160  -47.864846  -4.825764  20.883823  20.883823  6.906000  6.906000  0.984039  41.767647  0.000000  0.000000
31  -0.42  0.00  0.00  128  -52.097368  -6.280187  21.453599  21.453599  -8.817023  -8.817023  0.984463  42.907198  -0.000000  0.000000
31  -0.15  0.00  0.00  128  -40.708473  -2.633979  20.036547  20.036547  4.558923  4.558923  0.983364  40.073094  -0.000000  0.000000
31  -0.15  0.00  0.00  160  -40.708473  -2.633979  20.036547  20.036547  4.558923  4.558923  0.983364  40.073094  -0.000000  0.000000
31  -0.23  0.00  0.00  64  -43.739364  -3.526667  20.380222  20.380222  5.425885  5.425885  0.983644  40.760443  -0.000000  -0.000000
31  -0.23  0.00  0.00  96  -43.739416  -3.526666  20.380222  20.380222  5.425862  5.425862  0.983644  40.760443  -0.000000  -0.000000
31  -0.23  0.00  0.00  128  -43.739416  -3.526666  20.380222  20.380222  5.425861  5.425861  0.983644  40.760443  -0.000000  -0.000000
31  -0.23  0.00  0.00  160  -43.739416  -3.526666  20.380222  20.380222  5.425861  5.425861  0.983644  40.760443  -0.000000  -0.000000
Lx  lambda  mu_y  theta  bondD  Energy_GS  winding  eA  eB  MA  MB  U4  Oflip  Oflipp  charge  
23  0.35  0.00  0.00  48  -16.085564  1.728964  13.296418  13.571614  -0.000000  0.000000  0.974931  26.868031  0.013022  -0.000000
23  0.35  0.00  0.00  72  -16.085614  1.728964  13.296546  13.571484  -0.000000  0.000000  0.974931  26.868029  0.013010  0.000000
23  0.35  0.00  0.00  96  -16.085614  1.728964  13.296532  13.571498  0.000000  -0.000000  0.974931  26.868029  0.013011  0.000000
23  0.35  0.00  0.00  120  -16.085614  1.728964  13.296551  13.571478  -0.000000  0.000000  0.974931  26.868029  0.013009  0.000000
23  -0.23  0.00  0.00  96  -32.514355  -2.641931  15.148756  15.148756  -4.432769  -4.432769  0.977996  30.297513  -0.000000  0.000000
23  -0.23  0.00  0.00  120  -32.514355  -2.641931  15.148756  15.148756  -4.432769  -4.432769  0.977996  30.297513  -0.000000  0.000000
23  0.10  0.00  0.00  48  -23.009704  -0.015562  14.136666  14.136666  2.234453  2.234453  0.976421  28.273331  -0.000000  0.000000
23  -0.20  0.00  0.00  48  -31.759069  -2.414391  15.060831  15.060835  4.196978  4.196978  0.977868  30.121666  0.000000  0.000000
23  0.30  0.00  0.00  96  -17.465136  1.373331  13.590021  13.590021  1.451619  1.451619  0.975472  27.180042  -0.000000  0.000000
23  0.30  0.00  0.00  120  -17.465136  1.373331  13.590021  13.590021  1.451619  1.451619  0.975472  27.180042  -0.000000  0.000000
23  -1.18  0.00  0.00  48  -65.453294  -13.772660  19.521816  19.521816  -16.618342  -16.618342  0.982925  39.043631  -0.000000  0.000000
23  -1.18  0.00  0.00  72  -65.453295  -13.772660  19.521816  19.521816  -16.618342  -16.618342  0.982925  39.043631  0.000000  0.000000
23  0.23  0.00  0.00  72  -19.518831  0.864111  13.792733  13.792733  -1.716207  -1.716207  0.975833  27.585466  -0.000000  0.000000
23  0.23  0.00  0.00  96  -19.518831  0.864111  13.792733  13.792733  -1.716207  -1.716207  0.975833  27.585466  -0.000000  0.000000
23  0.23  0.00  0.00  120  -19.518831  0.864111  13.792733  13.792733  -1.716207  -1.716207  0.975833  27.585466  0.000000  0.000000
15  -0.35  0.00  0.00  32  -23.808414  -2.564931  10.232378  10.232378  4.191788  4.191788  0.967424  20.464755  -0.000000  0.000000
15  -0.35  0.00  0.00  48  -23.809031  -2.564926  10.232377  10.232377  4.191741  4.191741  0.967424  20.464755  0.000000  0.000000
15  -1.13  0.00  0.00  48  -41.540531  -8.602615  12.600241  12.600241  -10.523000  -10.523000  0.973545  25.200481  -0.000000  0.000000
15  -1.13  0.00  0.00  64  -41.540531  -8.602615  12.600241  12.600241  -10.523000  -10.523000  0.973545  25.200481  0.000000  0.000000
15  -0.25  0.00  0.00  32  -21.787831  -1.909703  9.976759  9.976759  -3.450129  -3.450129  0.966589  19.953519  0.000000  0.000000
15  -0.72  0.00  0.00  32  -31.909422  -5.558804  11.413412  11.413412  -7.688631  -7.688631  0.970795  22.826824  0.000000  0.000000
15  -0.47  0.00  0.00  48  -26.411202  -3.481169  10.592603  10.592603  5.288405  5.288405  0.968531  21.185206  -0.000000  -0.000000
15  -0.47  0.00  0.00  64  -26.411203  -3.481169  10.592603  10.592603  5.288404  5.288404  0.968531  21.185206  -0.000000  -0.000000
15  -0.47  0.00  0.00  80  -26.411203  -3.481169  10.592603  10.592603  5.288404  5.288404  0.968531  21.185206  -0.000000  -0.000000
31  0.50  0.00  0.00  64  -14.448134  3.643558  15.352431  15.352431  -0.266510  -0.266510  0.978288  30.704861  -0.000000  -0.000000
31  0.50  0.00  0.00  96  -14.448135  3.643559  15.352431  15.352431  -0.266510  -0.266510  0.978288  30.704861  -0.000000  -0.000000
31  -0.05  0.00  0.00  64  -36.744098  -1.528405  19.612184  19.612186  3.649171  3.649171  0.983004  39.224370  0.000000  -0.000000
31  -0.05  0.00  0.00  96  -36.744157  -1.528404  19.612185  19.612185  3.649155  3.649155  0.983004  39.224370  0.000000  -0.000000
31  -0.05  0.00  0.00  128  -36.744158  -1.528404  19.612185  19.612185  3.649154  3.649154  0.983004  39.224370  -0.000000  -0.000000
31  -0.05  0.00  0.00  160  -36.744158  -1.528404  19.612185  19.612185  3.649154  3.649154  0.983004  39.224370  -0.000000  -0.000000
31  -0.95  0.00  0.00  64  -76.522639  -15.430593  25.077819  25.077819  -19.746885  -19.746885  0.986708  50.155639  -0.000000  0.000000
31  -0.95  0.00  0.00  96  -76.522639  -15.430593  25.077819  25.077819  -19.746885  -19.746885  0.986708  50.155639  0.000000  0.000000
31  -0.88  0.00  0.00  64  -72.796954  -14.194632  24.592429  24.592429  18.583682  18.583682  0.986446  49.184859  0.000000  0.000000
31  -0.88  0.00  0.00  96  -72.796955  -14.194632  24.592429  24.592429  18.583682  18.583682  0.986446  49.184859  -0.000000  0.000000
31  -0.35  0.00  0.00  64  -48.912368  -5.173558  21.019494  21.019493  -7.342581  -7.342581  0.984142  42.038987  -0.000000  -0.000000
31  -0.35  0.00  0.00  96  -48.912411  -5.173556  21.019493  21.019493  -7.342556  -7.342556  0.984142  42.038987  0.000000  -0.000000
31  -0.35  0.00  0.00  128  -48.912411  -5.173556  21.019493  21.019493  -7.342555  -7.342555  0.984142  42.038987  0.000000  -0.000000
31  -0.35  0.00  0.00  160  -48.912411  -5.173556  21.019493  21.019493  -7.342555  -7.342555  0.984142  42.038987  0.000000  -0.000000
31  -0.80  0.00  0.00  64  -69.146453  -12.886633  24.076285  24.076285  17.260032  17.260032  0.986155  48.152570  0.000000  -0.000000
31  -0.80  0.00  0.00  96  -69.146455  -12.886633  24.076285  24.076285  17.260032  17.260032  0.986155  48.152570  0.000000  -0.000000
31  -0.17  0.00  0.00  64  -41.713030  -2.924779  20.148342  20.148342  -4.827832  -4.827832  0.983456  40.296684  0.000000  -0.000000
31  -0.17  0.00  0.00  96  -41.713084  -2.924779  20.148342  20.148342  -4.827810  -4.827810  0.983456  40.296684  0.000000  -0.000000
31  -0.17  0.00  0.00  128  -41.713085  -2.924779  20.148342  20.148342  -4.827809  -4.827809  0.983456  40.296684  0.000000  -0.000000
31  -0.17  0.00  0.00  160  -41.713085  -2.924779  20.148342  20.148342  -4.827809  -4.827809  0.983456  40.296684  0.000000  -0.000000
31  -0.30  0.00  0.00  64  -46.823913  -4.487728  20.752314  20.752314  -6.497027  -6.497027  0.983938  41.504628  0.000000  -0.000000
31  -0.30  0.00  0.00  96  -46.823959  -4.487727  20.752314  20.752314  -6.497002  -6.497002  0.983938  41.504628  0.000000  -0.000000
31  -0.30  0.00  0.00  128  -46.823959  -4.487727  20.752314  20.752314  -6.497001  -6.497001  0.983938  41.504628  0.000000  -0.000000
31  -0.30  0.00  0.00  160  -46.823959  -4.487727  20.752314  20.752314  -6.497001  -6.497001  0.983938  41.504628  0.000000  -0.000000
31  -0.75  0.00  0.00  64  -66.756627  -11.983927  23.718741  23.718741  16.281033  16.281033  0.985946  47.437483  -0.000000  -0.000000
31  -0.75  0.00  0.00  96  -66.756631  -11.983927  23.718741  23.718741  16.281032  16.281032  0.985946  47.437483  0.000000  -0.000000
31  -0.75  0.00  0.00  128  -66.756631  -11.983927  23.718741  23.718741  16.281032  16.281032  0.985946  47.437483  -0.000000  -0.000000
31  -0.68  0.00  0.00  64  -63.239786  -10.605566  23.171137  23.171137  -14.667869  -14.667869  0.985614  46.342275  0.000000  0.000000
31  -0.68  0.00  0.00  96  -63.239794  -10.605565  23.171137  23.171137  -14.667865  -14.667865  0.985614  46.342274  -0.000000  0.000000
31  -0.68  0.00  0.00  128  -63.239794  -10.605565  23.171137  23.171137  -14.667865  -14.667865  0.985614  46.342274  0.000000  0.000000
31  -1.02  0.00  0.00  64  -80.318570  -16.584133  25.528691  25.528691  20.769014  20.769014  0.986943  51.057383  0.000000  0.000000
31  -1.02  0.00  0.00  96  -80.318571  -16.584133  25.528691  25.528691  20.769014  20.769014  0.986943  51.057383  0.000000  0.000000
31  -0.38  0.00  0.00  64  -49.966827  -5.531616  21.159557  21.159555  -7.806974  -7.806974  0.984247  42.319112  -0.000000  0.000000
31  -0.38  0.00  0.00  96  -49.966868  -5.531615  21.159556  21.159556  -7.806949  -7.806949  0.984247  42.319111  0.000000  0.000000
31  -0.38  0.00  0.00  128  -49.966869  -5.531614  21.159556  21.159556  -7.806948  -7.806948  0.984247  42.319111  0.000000  0.000000
31  -0.90  0.00  0.00  64  -74.030727  -14.615303  24.757899  24.757899  -18.988320  -18.988320  0.986536  49.515798  -0.000000  -0.000000
31  -0.90  0.00  0.00  96  -74.030728  -14.615303  24.757899  24.757899  -18.988320  -18.988320  0.986536  49.515798  0.000000  -0.000000
31  -1.07  0.00  0.00  64  -82.885612  -17.305347  25.809512  25.809512  21.381571  21.381571  0.987085  51.619025  -0.000000  0.000000
31  -1.07  0.00  0.00  96  -82.885612  -17.305347  25.809512  25.809512  21.381571  21.381571  0.987085  51.619025  -0.000000  0.000000
31  -1.13  0.00  0.00  64  -85.479950  -17.988264  26.074661  26.074661  21.945128  21.945128  0.987216  52.149321  0.000000  0.000000
31  -1.13  0.00  0.00  96  -85.479950  -17.988264  26.074661  26.074661  21.945128  21.945128  0.987216  52.149321  0.000000  0.000000
31  -0.40  0.00  0.00  64  -51.028405  -5.900382  21.304208  21.304210  8.298842  8.298842  0.984354  42.608418  0.000000  0.000000
31  -0.40  0.00  0.00  96  -51.028443  -5.900381  21.304209  21.304209  8.298818  8.298818  0.984354  42.608417  0.000000  0.000000
31  -0.40  0.00  0.00  128  -51.028443  -5.900380  21.304209  21.304209  8.298817  8.298817  0.984354  42.608417  -0.000000  0.000000
31  -0.53  0.00  0.00  64  -56.451326  -7.910072  22.098518  22.098519  -11.099735  -11.099735  0.984916  44.197037  0.000000  0.000000
31  -0.53  0.00  0.00  96  -56.451347  -7.910070  22.098518  22.098518  -11.099720  -11.099720  0.984916  44.197036  0.000000  0.000000
31  -0.53  0.00  0.00  128  -56.451347  -7.910070  22.098518  22.098518  -11.099719  -11.099719  0.984916  44.197036  0.000000  0.000000
31  -1.15  0.00  0.00  64  -86.786869  -18.315556  26.201473  26.201473  -22.210012  -22.210012  0.987278  52.402947  -0.000000  0.000000
31  -1.15  0.00  0.00  96  -86.786869  -18.315556  26.201473  26.201473  -22.210012  -22.210012  0.987278  52.402947  -0.000000  0.000000
31  -0.60  0.00  0.00  64  -59.805219  -9.233132  22.624790  22.624790  -12.912029  -12.912029  0.985267  45.249580  0.000000  0.000000
31  -0.60  0.00  0.00  96  -59.805232  -9.233132  22.624790  22.624790  -12.912022  -12.912022  0.985267  45.249580  0.000000  0.000000
31  -0.60  0.00  0.00  128  -59.805232  -9.233132  22.624790  22.624790  -12.912022  -12.912022  0.985267  45.249580  0.000000  0.000000
31  -1.18  0.00  0.00  64  -88.100035  -18.633568  26.324529  26.324529  -22.464364  -22.464364  0.987338  52.649057  -0.000000  0.000000
31  -1.18  0.00  0.00  96  -88.100035  -18.633568  26.324529  26.324529  -22.464364  -22.464364  0.987338  52.649057  -0.000000  0.000000
31  -0.85  0.00  0.00  64  -71.571541  -13.765879  24.423510  24.423510  -18.161181  -18.161181  0.986352  48.847019  0.000000  0.000000
31  -0.85  0.00  0.00  96  -71.571543  -13.765879  24.423510  24.423510  -18.161181  -18.161181  0.986352  48.847019  -0.000000  0.000000
31  -0.50  0.00  0.00  64  -55.350617  -7.486565  21.930452  21.930454  -10.505063  -10.505063  0.984800  43.860906  0.000000  0.000000
31  -0.50  0.00  0.00  96  -55.350640  -7.486563  21.930452  21.930452  -10.505045  -10.505045  0.984800  43.860905  0.000000  0.000000
31  -0.50  0.00  0.00  128  -55.350641  -7.486563  21.930452  21.930452  -10.505045  -10.505045  0.984800  43.860905  0.000000  0.000000
31  -1.10  0.00  0.00  64  -84.179467  -17.651562  25.944026  25.944026  -21.669171  -21.669171  0.987152  51.888051  0.000000  -0.000000
31  -1.10  0.00  0.00  96  -84.179467  -17.651562  25.944026  25.944026  -21.669171  -21.669171  0.987152  51.888051  0.000000  -0.000000
31  -0.25  0.00  0.00  64  -44.761377  -3.838730  20.500769  20.500769  -5.758219  -5.758219  0.983740  41.001538  0.000000  -0.000000
31  -0.25  0.00  0.00  96  -44.761427  -3.838729  20.500769  20.500769  -5.758194  -5.758194  0.983740  41.001538  0.000000  -0.000000
31  -0.25  0.00  0.00  128  -44.761427  -3.838729  20.500769  20.500769  -5.758193  -5.758193  0.983740  41.001538  0.000000  -0.000000
31  -0.25  0.00  0.00  160  -44.761427  -3.838729  20.500769  20.500769  -5.758193  -5.758193  0.983740  41.001538  -0.000000  -0.000000
31  0.55  0.00  0.00  64  -12.218205  4.000037  15.164920  15.164920  -0.922358  -0.922358  0.978019  30.329840  0.000000  -0.000000
31  0.55  0.00  0.00  96  -12.896564  4.000048  15.164913  15.164913  -0.922340  -0.922340  0.978019  30.329825  -0.000000  -0.000000
31  0.55  0.00  0.00  128  -12.896566  4.000048  15.164913  15.164913  -0.922340  -0.922340  0.978019  30.329825  0.000000  -0.000000
31  -0.07  0.00  0.00  64  -37.727278  -1.796929  19.715229  19.715229  3.854541  3.854541  0.983093  39.430458  -0.000000  0.000000
31  -0.07  0.00  0.00  96  -37.727335  -1.796928  19.715229  19.715229  3.854523  3.854523  0.983093  39.430459  0.000000  0.000000
31  -0.07  0.00  0.00  128  -37.727336  -1.796928  19.715229  19.715229  3.854523  3.854523  0.983093  39.430459  -0.000000  0.000000
31  -0.07  0.00  0.00  160  -37.727336  -1.796928  19.715229  19.715229  3.854523  3.854523  0.983093  39.430459  -0.000000  0.000000
31  -0.63  0.00  0.00  64  -60.940973  -9.687241  22.805603  22.805603  13.509055  13.509055  0.985384  45.611206  -0.000000  0.000000
31  -0.63  0.00  0.00  96  -60.940984  -9.687241  22.805603  22.805603  13.509049  13.509049  0.985384  45.611205  -0.000000  0.000000
31  -0.63  0.00  0.00  128  -60.940984  -9.687241  22.805603  22.805603  13.509049  13.509049  0.985384  45.611205  0.000000  0.000000
31  -0.78  0.00  0.00  64  -67.947070  -12.437725  23.898607  23.898607  16.780393  16.780393  0.986052  47.797213  -0.000000  -0.000000
31  -0.78  0.00  0.00  96  -67.947073  -12.437725  23.898607  23.898607  16.780392  16.780392  0.986052  47.797213  -0.000000  -0.000000
31  -0.65  0.00  0.00  64  -62.085809  -10.145276  22.987960  22.987960  14.095411  14.095411  0.985500  45.975920  0.000000  0.000000
31  -0.65  0.00  0.00  96  -62.085818  -10.145276  22.987960  22.987960  14.095407  14.095407  0.985500  45.975920  0.000000  0.000000
31  -0.65  0.00  0.00  128  -62.085818  -10.145276  22.987960  22.987960  14.095407  14.095407  0.985500  45.975920  -0.000000  0.000000
31  -0.72  0.00  0.00  64  -65.575222  -11.526402  23.537167  23.537167  -15.762057  -15.762057  0.985838  47.074333  0.000000  0.000000
31  -0.72  0.00  0.00  96  -65.575227  -11.526401  23.537167  23.537167  -15.762055  -15.762055  0.985838  47.074333  -0.000000  0.000000
31  -0.72  0.00  0.00  128  -65.575227  -11.526401  23.537167  23.537167  -15.762055  -15.762055  0.985838  47.074333  0.000000  0.000000
31  -0.82  0.00  0.00  64  -70.354656  -13.329638  24.251367  24.251367  -17.720154  -17.720154  0.986255  48.502735  0.000000  0.000000
31  -0.82  0.00  0.00  96  -70.354658  -13.329638  24.251367  24.251367  -17.720154  -17.720154  0.986255  48.502735  -0.000000  0.000000
31  -0.10  0.00  0.00  64  -38.715656  -2.070455  19.820186  19.820183  4.073738  4.073738  0.983182  39.640369  -0.000000  0.000000
31  -0.10  0.00  0.00  96  -38.715712  -2.070454  19.820185  19.820185  4.073721  4.073721  0.983182  39.640369  -0.000000  0.000000
31  -0.10  0.00  0.00  128  -38.715713  -2.070454  19.820185  19.820185  4.073720  4.073720  0.983182  39.640369  -0.000000  0.000000
31  -0.10  0.00  0.00  160  -38.715713  -2.070454  19.820185  19.820185  4.073720  4.073720  0.983182  39.640369  -0.000000  0.000000
31  -0.47  0.00  0.00  64  -54.258201  -7.073430  21.766795  21.766798  9.923511  9.923511  0.984686  43.533592  0.000000  -0.000000
31  -0.47  0.00  0.00  96  -54.258228  -7.073428  21.766795  21.766795  9.923490  9.923490  0.984686  43.533591  -0.000000  -0.000000
31  -0.47  0.00  0.00  128  -54.258228  -7.073428  21.766795  21.766795  9.923489  9.923489  0.984686  43.533591  0.000000  -0.000000
31  -0.33  0.00  0.00  64  -47.864801  -4.825765  20.883823  20.883824  6.906026  6.906026  0.984039  41.767647  0.000000  0.000000
31  -0.33  0.00  0.00  96  -47.864846  -4.825764  20.883823  20.883823  6.906001  6.906001  0.984039  41.767647  0.000000  0.000000
31  -0.33  0.00  0.00  128  -47.864846  -4.825764  20.883823  20.883823  6.906000  6.906000  0.984039  41.767647  -0.000000  0.000000
31  -0.33  0.00  0.00  160  -47.864846  -4.825764  20.883823  20.883823  6.906000  6.906000  0.984039  41.767647  0.000000  0.000000
31  -0.13  0.00  0.00  64  -39.709333  -2.349343  19.927226  19.927230  4.308073  4.308073  0.983272  39.854456  0.000000  -0.000000
31  -0.13  0.00  0.00  96  -39.709388  -2.349342  19.927228  19.927228  4.308054  4.308054  0.983272  39.854456  0.000000  -0.000000
31  -0.13  0.00  0.00  128  -39.709389  -2.349342  19.927228  19.927228  4.308054  4.308054  0.983272  39.854456  0.000000  -0.000000
31  -0.13  0.00  0.00  160  -39.709389  -2.349342  19.927228  19.927228  4.308054  4.308054  0.983272  39.854456  0.000000  -0.000000
31  -0.97  0.00  0.00  64  -77.780402  -15.824559  25.232041  25.232041  -20.102293  -20.102293  0.986789  50.464082  -0.000000  -0.000000
31  -0.97  0.00  0.00  96  -77.780402  -15.824559  25.232041  25.232041  -20.102293  -20.102293  0.986789  50.464082  -0.000000  -0.000000
31  -0.20  0.00  0.00  64  -42.723299  -3.222184  20.262825  20.262825  5.116283  5.116283  0.983550  40.525650  -0.000000  -0.000000
31  -0.20  0.00  0.00  96  -42.723352  -3.222183  20.262825  20.262825  5.116261  5.116261  0.983550  40.525650  -0.000000  -0.000000
31  -0.20  0.00  0.00  128  -42.723352  -3.222183  20.262825  20.262825  5.116260  5.116260  0.983550  40.525650  0.000000  -0.000000
31  -0.20  0.00  0.00  160  -42.723352  -3.222183  20.262825  20.262825  5.116260  5.116260  0.983550  40.525650  -0.000000  -0.000000
31  -0.93  0.00  0.00  64  -75.272684  -15.027414  24.919740  24.919740  -19.375808  -19.375808  0.986624  49.839480  -0.000000  0.000000
31  -0.93  0.00  0.00  96  -75.272685  -15.027414  24.919740  24.919740  -19.375808  -19.375808  0.986624  49.839480  0.000000  0.000000
31  0.00  0.00  0.00  64  -34.792984  -1.005029  19.411169  19.411171  -3.275163  -3.275163  0.982828  38.822340  0.000000  0.000000
31  0.00  0.00  0.00  96  -34.793043  -1.005029  19.411170  19.411170  -3.275149  -3.275149  0.982828  38.822340  0.000000  0.000000
31  0.00  0.00  0.00  128  -34.793043  -1.005028  19.411170  19.411170  -3.275148  -3.275148  0.982828  38.822340  0.000000  0.000000
31  0.00  0.00  0.00  160  -34.793043  -1.005028  19.411170  19.411170  -3.275148  -3.275148  0.982828  38.822340  0.000000  0.000000
31  -0.57  0.00  0.00  64  -58.678452  -8.784582  22.446236  22.446236  12.308320  12.308320  0.985150  44.892472  0.000000  -0.000000
31  -0.57  0.00  0.00  96  -58.678467  -8.784581  22.446236  22.446236  12.308310  12.308310  0.985150  44.892471  0.000000  -0.000000
31  -0.57  0.00  0.00  128  -58.678467  -8.784581  22.446236  22.446236  12.308309  12.308309  0.985150  44.892471  -0.000000  -0.000000
31  -1.20  0.00  0.00  64  -89.419261  -18.942451  26.443900  26.443900  22.708695  22.708695  0.987395  52.887800  0.000000  0.000000
31  -1.20  0.00  0.00  96  -89.419261  -18.942451  26.443900  26.443900  22.708695  22.708695  0.987395  52.887800  0.000000  0.000000
31  -0.28  0.00  0.00  64  -45.789501  -4.158901  20.624715  20.624715  -6.114805  -6.114805  0.983838  41.249429  -0.000000  -0.000000
31  -0.28  0.00  0.00  96  -45.789549  -4.158900  20.624715  20.624715  -6.114781  -6.114781  0.983838  41.249429  0.000000  -0.000000
31  -0.28  0.00  0.00  128  -45.789549  -4.158900  20.624715  20.624715  -6.114780  -6.114780  0.983838  41.249429  -0.000000  -0.000000
31  -0.28  0.00  0.00  160  -45.789549  -4.158900  20.624715  20.624715  -6.114780  -6.114780  0.983838  41.249429  -0.000000  -0.000000
31  -0.55  0.00  0.00  64  -57.560542  -8.343114  22.270613  22.270612  11.702543  11.702543  0.985033  44.541225  -0.000000  -0.000000
31  -0.55  0.00  0.00  96  -57.560559  -8.343112  22.270612  22.270612  11.702530  11.702530  0.985033  44.541224  -0.000000  -0.000000
31  -0.55  0.00  0.00  128  -57.560560  -8.343112  22.270612  22.270612  11.702530  11.702530  0.985033  44.541224  -0.000000  -0.000000
31  0.53  0.00  0.00  64  -12.652375  4.121736  14.002491  14.002491  0.775637  0.775637  0.976195  28.004982  0.000000  0.000000
31  0.53  0.00  0.00  96  -12.652375  4.121736  14.002491  14.002491  0.775637  0.775637  0.976195  28.004982  0.000000  0.000000
31  -0.42  0.00  0.00  64  -52.097334  -6.280189  21.453600  21.453599  -8.817047  -8.817047  0.984463  42.907199  -0.000000  0.000000
31  -0.42  0.00  0.00  96  -52.097368  -6.280187  21.453599  21.453599  -8.817024  -8.817024  0.984463  42.907198  -0.000000  0.000000
31  -0.42  0.00  0.00  128  -52.097368  -6.280187  21.453599  21.453599  -8.817023  -8.817023  0.984463  42.907198  -0.000000  0.000000
31  -1.00  0.00  0.00  64  -79.045778  -16.209115  25.382343  25.382343  -20.442765  -20.442765  0.986868  50.764686  -0.000000  -0.000000
31  -1.00  0.00  0.00  96  -79.045778  -16.209115  25.382343  25.382343  -20.442765  -20.442765  0.986868  50.764686  -0.000000  -0.000000
31  -0.45  0.00  0.00  64  -53.173852  -6.671213  21.607802  21.607801  -9.359576  -9.359576  0.984573  43.215603  -0.000000  0.000000
31  -0.45  0.00  0.00  96  -53.173883  -6.671211  21.607801  21.607801  -9.359555  -9.359555  0.984573  43.215602  -0.000000  0.000000
31  -0.45  0.00  0.00  128  -53.173883  -6.671211  21.607801  21.607801  -9.359554  -9.359554  0.984573  43.215601  0.000000  0.000000
31  -1.05  0.00  0.00  64  -81.598581  -16.949548  25.671077  25.671077  21.081729  21.081729  0.987015  51.342155  0.000000  0.000000
31  -1.05  0.00  0.00  96  -81.598581  -16.949548  25.671077  25.671077  21.081729  21.081729  0.987015  51.342155  -0.000000  0.000000
31  -0.03  0.00  0.00  64  -35.766028  -1.264544  19.510884  19.510885  3.456418  3.456418  0.982916  39.021769  0.000000  0.000000
31  -0.03  0.00  0.00  96  -35.766088  -1.264543  19.510885  19.510885  3.456403  3.456403  0.982916  39.021769  0.000000  0.000000
31  -0.03  0.00  0.00  128  -35.766088  -1.264543  19.510885  19.510885  3.456402  3.456402  0.982916  39.021769  -0.000000  0.000000
31  -0.03  0.00  0.00  160  -35.766088  -1.264543  19.510885  19.510885  3.456402  3.456402  0.982916  39.021769  0.000000  0.000000
31  -0.15  0.00  0.00  64  -40.708419  -2.633980  20.036548  20.036546  4.558944  4.558944  0.983364  40.073094  -0.000000  0.000000
31  -0.15  0.00  0.00  96  -40.708473  -2.633979  20.036547  20.036547  4.558924  4.558924  0.983364  40.073094  -0.000000  0.000000
31  -0.15  0.00  0.00  128  -40.708473  -2.633979  20.036547  20.036547  4.558923  4.558923  0.983364  40.073094  -0.000000  0.000000
31  -0.15  0.00  0.00  160  -40.708473  -2.633979  20.036547  20.036547  4.558923  4.558923  0.983364  40.073094  -0.000000  0.000000
31  -0.70  0.00  0.00  64  -64.402928  -11.066464  23.354428  23.354428  15.223985  15.223985  0.985727  46.708857  -0.000000  0.000000
31  -0.70  0.00  0.00  96  -64.402934  -11.066463  23.354428  23.354428  15.223982  15.223982  0.985727  46.708856  0.000000  0.000000
31  -0.70  0.00  0.00  128  -64.402934  -11.066463  23.354428  23.354428  15.223982  15.223982  0.985727  46.708856  -0.000000  0.000000
31  -0.23  0.00  0.00  64  -43.739364  -3.526667  20.380222  20.380222  5.425885  5.425885  0.983644  40.760443  -0.000000  -0.000000
31  -0.23  0.00  0.00  96  -43.739416  -3.526666  20.380222  20.380222  5.425862  5.425862  0.983644  40.760443  -0.000000  -0.000000
31  -0.23  0.00  0.00  128  -43.739416  -3.526666  20.380222  20.380222  5.425861  5.425861  0.983644  40.760443  -0.000000  -0.000000
31  -0.23  0.00  0.00  160  -43.739416  -3.526666  20.380222  20.380222  5.425861  5.425861  0.983644  40.760443  -0.000000  -0.000000
