Lx  lambda  mu_y  theta  bondD  Energy_GS  winding  eA  eB  MA  MB  U4  Oflip  Oflipp  charge
10  -1.00  0.20  0.00  15  -25.738233  -5.113079  8.175913  8.175913  6.485783  6.485783  0.959230  16.351826  0.000000  0.000000
10  -1.00  0.22  0.00  15  -25.738233  -5.113079  8.175913  8.175913  -6.485783  -6.485783  0.959230  16.351826  -0.000000  0.000000
10  -1.00  0.24  0.00  15  -25.738233  -5.113079  8.175913  8.175913  -6.485783  -6.485783  0.959230  16.351826  -0.000000  -0.000000
10  -1.00  0.26  0.00  15  -25.738233  -5.113079  8.175913  8.175913  6.485783  6.485783  0.959230  16.351826  -0.000000  -0.000000
10  -1.00  0.28  0.00  15  -25.738233  -5.113079  8.175913  8.175913  6.485783  6.485783  0.959230  16.351826  -0.000000  0.000000
10  -1.00  0.30  0.00  15  -25.744669  -3.985734  8.811867  6.458016  -0.000000  -0.000000  0.962172  15.269883  0.000000  -0.000000
10  -1.00  0.32  0.00  15  -25.784669  -3.985734  6.458016  8.811867  0.000000  0.000000  0.948385  15.269883  -0.000000  -0.000000
10  -1.00  0.34  0.00  15  -25.824669  -3.985734  6.458016  8.811867  0.000000  0.000000  0.948385  15.269883  -0.000000  -0.000000
10  -1.00  0.36  0.00  15  -25.864669  -3.985734  6.458016  8.811867  0.000000  0.000000  0.948385  15.269883  -0.000000  -0.000000
10  -1.00  0.38  0.00  15  -25.904669  -3.985734  6.458016  8.811867  0.000000  0.000000  0.948385  15.269883  -0.000000  -0.000000
10  -1.00  0.40  0.00  15  -25.944669  -3.985734  8.811867  6.458016  -0.000000  -0.000000  0.962172  15.269883  0.000000  -0.000000
10  -1.00  0.42  0.00  15  -25.984669  -3.985734  8.811867  6.458016  -0.000000  -0.000000  0.962172  15.269883  0.000000  0.000000
10  -1.00  0.44  0.00  15  -26.052910  -3.164689  7.194590  7.194590  -1.762366  -1.762366  0.953669  14.389179  0.745945  0.000000
10  -1.00  0.46  0.00  15  -26.132910  -3.164689  7.194590  7.194590  -1.762366  -1.762366  0.953669  14.389179  0.745945  0.000000
10  -1.00  0.48  0.00  15  -26.212910  -3.164689  7.194590  7.194590  -1.762366  -1.762366  0.953669  14.389179  0.745945  -0.000000
10  -1.00  0.50  0.00  15  -26.292910  -3.164689  7.194590  7.194590  -1.762366  -1.762366  0.953669  14.389179  0.745945  -0.000000
10  -1.00  0.52  0.00  15  -26.372910  -3.164689  7.194590  7.194590  -1.762366  -1.762366  0.953669  14.389179  0.745945  0.000000
10  -1.00  0.54  0.00  15  -26.452910  -3.164689  7.194590  7.194590  -1.762366  -1.762366  0.953669  14.389179  0.745945  0.000000
10  -1.00  0.56  0.00  15  -26.532910  -3.164689  7.194590  7.194590  -1.762366  -1.762366  0.953669  14.389179  0.745945  0.000000
10  -1.00  0.58  0.00  15  -26.612910  -3.164689  7.194590  7.194590  -1.762366  -1.762366  0.953669  14.389179  0.745945  0.000000
10  -1.00  0.60  0.00  15  -26.692910  -3.164689  7.194590  7.194590  -1.762366  -1.762366  0.953669  14.389179  0.745945  0.000000
10  -1.00  0.62  0.00  15  -26.793015  -2.338884  7.153964  6.254701  -0.000000  -0.000000  0.953406  13.408665  -0.000000  0.000000
10  -1.00  0.64  0.00  15  -26.913015  -2.338884  7.153964  6.254701  -0.000000  -0.000000  0.953406  13.408665  -0.000000  -0.000000
10  -1.00  0.66  0.00  15  -27.033015  -2.338884  6.254701  7.153964  0.000000  0.000000  0.946707  13.408665  0.000000  0.000000
10  -1.00  0.68  0.00  15  -27.153015  -2.338884  6.254701  7.153964  -0.000000  -0.000000  0.946707  13.408665  -0.000000  0.000000
10  -1.00  0.70  0.00  15  -27.273015  -2.338884  6.254701  7.153964  0.000000  0.000000  0.946707  13.408665  0.000000  0.000000
10  -1.00  0.72  0.00  15  -27.393015  -2.338884  6.254701  7.153964  0.000000  -0.000000  0.946707  13.408665  -0.000000  -0.000000
10  -1.00  0.74  0.00  15  -27.513015  -2.338884  7.153964  6.254701  0.000000  0.000000  0.953406  13.408665  0.000000  -0.000000
10  -1.00  0.76  0.00  15  -27.633015  -2.338884  6.254701  7.153964  -0.000000  -0.000000  0.946707  13.408665  0.000000  0.000000
10  -1.00  0.78  0.00  15  -27.753015  -2.338884  7.153964  6.254701  -0.000000  -0.000000  0.953406  13.408665  -0.000000  -0.000000
10  -1.00  0.80  0.00  15  -27.873015  -2.338884  7.153964  6.254701  -0.000000  -0.000000  0.953406  13.408665  0.000000  -0.000000
10  -1.00  0.82  0.00  15  -28.004112  -1.383705  6.116460  6.116460  0.936148  0.936148  0.945502  12.232921  -1.401772  0.000000
10  -1.00  0.84  0.00  15  -28.164112  -1.383705  6.116460  6.116460  0.936148  0.936148  0.945502  12.232921  -1.401772  0.000000
10  -1.00  0.86  0.00  15  -28.324112  -1.383705  6.116460  6.116460  -0.936148  -0.936148  0.945502  12.232921  1.401772  -0.000000
10  -1.00  0.88  0.00  15  -28.484112  -1.383705  6.116460  6.116460  0.936148  0.936148  0.945502  12.232921  -1.401772  -0.000000
10  -1.00  0.90  0.00  15  -28.644112  -1.383705  6.116460  6.116460  -0.936148  -0.936148  0.945502  12.232921  1.401772  -0.000000
10  -1.00  0.92  0.00  15  -28.804112  -1.383705  6.116460  6.116460  -0.936148  -0.936148  0.945502  12.232921  1.401772  -0.000000
10  -1.00  0.94  0.00  15  -28.964112  -1.383705  6.116460  6.116460  0.936148  0.936148  0.945502  12.232921  -1.401772  -0.000000
10  -1.00  0.96  0.00  15  -29.124112  -1.383705  6.116460  6.116460  0.936148  0.936148  0.945502  12.232921  -1.401772  -0.000000
10  -1.00  0.98  0.00  15  -29.284112  -1.383705  6.116460  6.116460  0.936148  0.936148  0.945502  12.232921  -1.401772  -0.000000
10  -1.00  1.00  0.00  15  -29.444112  -1.383705  6.116460  6.116460  0.936148  0.936148  0.945502  12.232921  -1.401772  0.000000
10  -1.00  1.02  0.00  15  -29.608795  -0.259135  5.611277  5.252927  -0.000000  -0.000000  0.940596  10.864203  0.000000  0.000000
10  -1.00  1.04  0.00  15  -29.808795  -0.259135  5.611277  5.252927  -0.000000  -0.000000  0.940596  10.864203  0.000000  0.000000
10  -1.00  1.06  0.00  15  -30.008795  -0.259135  5.252927  5.611277  0.000000  0.000000  0.936543  10.864203  -0.000000  0.000000
10  -1.00  1.08  0.00  15  -30.208795  -0.259135  5.611277  5.252927  -0.000000  -0.000000  0.940596  10.864203  -0.000000  0.000000
10  -1.00  1.10  0.00  15  -30.408795  -0.259135  5.611277  5.252927  -0.000000  -0.000000  0.940596  10.864203  0.000000  0.000000
10  -1.00  1.12  0.00  15  -30.608795  -0.259135  5.252927  5.611277  0.000000  0.000000  0.936543  10.864203  -0.000000  -0.000000
10  -1.00  1.14  0.00  15  -30.808795  -0.259135  5.611277  5.252927  -0.000000  -0.000000  0.940596  10.864203  0.000000  0.000000
10  -1.00  1.16  0.00  15  -31.008795  -0.259135  5.252927  5.611277  0.000000  0.000000  0.936543  10.864203  -0.000000  -0.000000
10  -1.00  1.18  0.00  15  -31.208795  -0.259135  5.252927  5.611277  0.000000  0.000000  0.936543  10.864203  -0.000000  0.000000
10  -1.00  1.20  0.00  15  -31.408795  -0.259135  5.611277  5.252927  -0.000000  -0.000000  0.940596  10.864203  0.000000  0.000000
10  -1.00  1.22  0.00  15  -31.626698  1.049809  4.663545  4.663545  0.365550  0.365550  0.928524  9.327091  -1.746390  -0.000000
10  -1.00  1.24  0.00  15  -31.866698  1.049809  4.663545  4.663545  -0.365550  -0.365550  0.928524  9.327091  1.746390  0.000000
10  -1.00  1.26  0.00  15  -32.106698  1.049809  4.663545  4.663545  -0.365550  -0.365550  0.928524  9.327091  1.746390  0.000000
10  -1.00  1.28  0.00  15  -32.346698  1.049809  4.663545  4.663545  -0.365550  -0.365550  0.928524  9.327091  1.746390  0.000000
10  -1.00  1.30  0.00  15  -32.586698  1.049809  4.663545  4.663545  0.365550  0.365550  0.928524  9.327091  -1.746390  -0.000000
10  -1.00  1.32  0.00  15  -32.826698  1.049809  4.663545  4.663545  -0.365550  -0.365550  0.928524  9.327091  1.746390  0.000000
10  -1.00  1.34  0.00  15  -33.066698  1.049809  4.663545  4.663545  -0.365550  -0.365550  0.928524  9.327091  1.746390  -0.000000
10  -1.00  1.36  0.00  15  -33.306698  1.049809  4.663545  4.663545  -0.365550  -0.365550  0.928524  9.327091  1.746390  -0.000000
10  -1.00  1.38  0.00  15  -33.546698  1.049809  4.663545  4.663545  -0.365550  -0.365550  0.928524  9.327091  1.746390  0.000000
10  -1.00  1.40  0.00  15  -33.801053  2.547477  3.895478  3.751381  -0.000000  -0.000000  0.914431  7.646859  -0.000000  -0.000000
10  -1.00  1.42  0.00  15  -34.081053  2.547477  3.751381  3.895478  -0.000000  -0.000000  0.911144  7.646859  -0.000000  0.000000
10  -1.00  1.44  0.00  15  -34.361053  2.547477  3.895478  3.751381  -0.000000  -0.000000  0.914431  7.646859  -0.000000  0.000000
10  -1.00  1.46  0.00  15  -34.641053  2.547477  3.895478  3.751381  -0.000000  -0.000000  0.914431  7.646859  -0.000000  -0.000000
10  -1.00  1.48  0.00  15  -34.921053  2.547477  3.751381  3.895478  0.000000  -0.000000  0.911144  7.646859  -0.000000  0.000000
10  -1.00  1.50  0.00  15  -35.074962  4.227191  2.923494  2.923494  -0.090030  -0.090030  0.885981  5.846988  1.921782  -0.000000
12  -1.00  0.20  0.00  30  -30.815141  -6.169822  9.814611  9.814611  -7.814985  7.814985  0.966037  19.629222  -0.000000  0.000000
12  -1.00  0.22  0.00  30  -30.815141  -6.169822  9.814611  9.814611  7.814985  -7.814985  0.966037  19.629222  0.000000  -0.000000
12  -1.00  0.24  0.00  30  -30.815141  -6.169822  9.814611  9.814611  -7.814985  7.814985  0.966037  19.629222  0.000000  -0.000000
12  -1.00  0.26  0.00  30  -30.815141  -6.169822  9.814611  9.814611  7.814985  -7.814985  0.966037  19.629222  0.000000  -0.000000
12  -1.00  0.28  0.00  30  -30.815141  -6.169822  9.814611  9.814611  7.814985  -7.814985  0.966037  19.629222  -0.000000  -0.000000
12  -1.00  0.30  0.00  30  -30.835372  -4.991302  8.017008  10.488722  -0.000000  0.000000  0.958422  18.505730  0.000000  0.000000
12  -1.00  0.32  0.00  30  -30.875372  -4.991302  10.488722  8.017008  0.000000  -0.000000  0.968220  18.505730  -0.000000  -0.000000
12  -1.00  0.34  0.00  30  -30.915372  -4.991302  8.017008  10.488722  0.000000  -0.000000  0.958422  18.505730  -0.000000  -0.000000
12  -1.00  0.36  0.00  30  -30.955372  -4.991302  8.017008  10.488722  0.000000  -0.000000  0.958422  18.505730  -0.000000  0.000000
12  -1.00  0.38  0.00  30  -30.995372  -4.991302  10.488722  8.017008  -0.000000  0.000000  0.968220  18.505730  0.000000  -0.000000
12  -1.00  0.40  0.00  30  -31.039950  -4.108829  8.793131  8.793131  1.814527  -1.814527  0.962092  17.586262  -0.638932  0.000000
12  -1.00  0.42  0.00  30  -31.119950  -4.108829  8.793131  8.793131  1.814527  -1.814527  0.962092  17.586262  -0.638932  0.000000
12  -1.00  0.44  0.00  30  -31.199950  -4.108829  8.793131  8.793131  1.814527  -1.814527  0.962092  17.586262  -0.638932  -0.000000
12  -1.00  0.46  0.00  30  -31.279950  -4.108829  8.793131  8.793131  1.814527  -1.814527  0.962092  17.586262  -0.638932  0.000000
12  -1.00  0.48  0.00  30  -31.359950  -4.108829  8.793131  8.793131  1.814527  -1.814527  0.962092  17.586262  -0.638932  0.000000
12  -1.00  0.50  0.00  30  -31.439950  -4.108829  8.793131  8.793131  -1.814527  1.814527  0.962092  17.586262  0.638932  0.000000
12  -1.00  0.52  0.00  30  -31.519950  -4.108829  8.793131  8.793131  1.814527  -1.814527  0.962092  17.586262  -0.638932  0.000000
12  -1.00  0.54  0.00  30  -31.599950  -4.108829  8.793131  8.793131  -1.814527  1.814527  0.962092  17.586262  0.638932  0.000000
12  -1.00  0.56  0.00  30  -31.698430  -3.267585  7.770295  8.851307  0.000000  -0.000000  0.957102  16.621602  0.000000  -0.000000
12  -1.00  0.58  0.00  30  -31.818430  -3.267585  8.851307  7.770295  0.000000  -0.000000  0.962341  16.621602  -0.000000  -0.000000
12  -1.00  0.60  0.00  30  -31.938430  -3.267585  7.770295  8.851307  0.000000  -0.000000  0.957102  16.621602  0.000000  -0.000000
12  -1.00  0.62  0.00  30  -32.058430  -3.267585  8.851307  7.770295  -0.000000  0.000000  0.962341  16.621602  -0.000000  0.000000
12  -1.00  0.64  0.00  30  -32.178430  -3.267585  7.770295  8.851307  0.000000  -0.000000  0.957102  16.621602  0.000000  -0.000000
12  -1.00  0.66  0.00  30  -32.298430  -3.267585  8.851307  7.770295  -0.000000  0.000000  0.962341  16.621602  0.000000  -0.000000
12  -1.00  0.68  0.00  30  -32.418430  -3.267585  7.770295  8.851307  -0.000000  0.000000  0.957102  16.621602  0.000000  -0.000000
12  -1.00  0.70  0.00  30  -32.538430  -3.267585  8.851307  7.770295  -0.000000  0.000000  0.962341  16.621602  -0.000000  0.000000
12  -1.00  0.72  0.00  30  -32.658430  -3.267585  7.770295  8.851307  -0.000000  0.000000  0.957102  16.621602  0.000000  0.000000
12  -1.00  0.74  0.00  30  -32.810652  -2.346943  7.754170  7.754170  -1.135480  1.135480  0.957012  15.508340  1.270526  -0.000000
12  -1.00  0.76  0.00  30  -32.970652  -2.346943  7.754170  7.754170  -1.135480  1.135480  0.957012  15.508340  1.270526  -0.000000
12  -1.00  0.78  0.00  30  -33.130652  -2.346943  7.754170  7.754170  1.135480  -1.135480  0.957012  15.508340  -1.270526  0.000000
12  -1.00  0.80  0.00  30  -33.290652  -2.346943  7.754170  7.754170  1.135480  -1.135480  0.957012  15.508340  -1.270526  -0.000000
12  -1.00  0.82  0.00  30  -33.450652  -2.346943  7.754170  7.754170  -1.135480  1.135480  0.957012  15.508340  1.270526  -0.000000
12  -1.00  0.84  0.00  30  -33.610652  -2.346943  7.754170  7.754170  1.135480  -1.135480  0.957012  15.508340  -1.270526  0.000000
12  -1.00  0.86  0.00  30  -33.770652  -2.346943  7.754170  7.754170  1.135480  -1.135480  0.957012  15.508340  -1.270526  -0.000000
12  -1.00  0.88  0.00  30  -33.930652  -2.346943  7.754170  7.754170  1.135480  -1.135480  0.957012  15.508340  -1.270526  -0.000000
12  -1.00  0.90  0.00  30  -34.090694  -1.302792  7.356070  6.874591  0.000000  -0.000000  0.954686  14.230661  0.000000  -0.000000
12  -1.00  0.92  0.00  30  -34.290694  -1.302792  7.356070  6.874591  -0.000000  0.000000  0.954686  14.230661  -0.000000  0.000000
12  -1.00  0.94  0.00  30  -34.490694  -1.302792  6.874591  7.356070  0.000000  -0.000000  0.951512  14.230661  0.000000  -0.000000
12  -1.00  0.96  0.00  30  -34.690694  -1.302792  7.356070  6.874591  0.000000  -0.000000  0.954686  14.230661  -0.000000  0.000000
12  -1.00  0.98  0.00  30  -34.890694  -1.302792  6.874591  7.356070  0.000000  -0.000000  0.951512  14.230661  0.000000  -0.000000
12  -1.00  1.00  0.00  30  -35.090694  -1.302792  6.874591  7.356070  0.000000  -0.000000  0.951512  14.230661  0.000000  -0.000000
12  -1.00  1.02  0.00  30  -35.290694  -1.302792  7.356070  6.874591  -0.000000  -0.000000  0.954686  14.230661  -0.000000  -0.000000
12  -1.00  1.04  0.00  30  -35.490694  -1.302792  6.874591  7.356070  0.000000  -0.000000  0.951512  14.230661  0.000000  0.000000
12  -1.00  1.06  0.00  30  -35.690694  -1.302792  6.874591  7.356070  0.000000  -0.000000  0.951512  14.230661  -0.000000  0.000000
12  -1.00  1.08  0.00  30  -35.909285  -0.116082  6.400219  6.400219  0.557508  -0.557508  0.947918  12.800438  -1.632835  -0.000000
12  -1.00  1.10  0.00  30  -36.149285  -0.116082  6.400219  6.400219  0.557508  -0.557508  0.947918  12.800438  -1.632835  -0.000000
12  -1.00  1.12  0.00  30  -36.389285  -0.116082  6.400219  6.400219  0.557508  -0.557508  0.947918  12.800438  -1.632835  0.000000
12  -1.00  1.14  0.00  30  -36.629285  -0.116082  6.400219  6.400219  0.557508  -0.557508  0.947918  12.800438  -1.632835  -0.000000
12  -1.00  1.16  0.00  30  -36.869285  -0.116082  6.400219  6.400219  0.557508  -0.557508  0.947918  12.800438  -1.632835  -0.000000
12  -1.00  1.18  0.00  30  -37.109285  -0.116082  6.400219  6.400219  -0.557508  0.557508  0.947918  12.800438  1.632835  0.000000
12  -1.00  1.20  0.00  30  -37.349285  -0.116082  6.400219  6.400219  0.557508  -0.557508  0.947918  12.800438  -1.632835  -0.000000
12  -1.00  1.22  0.00  30  -37.589285  -0.116082  6.400219  6.400219  -0.557508  0.557508  0.947918  12.800438  1.632835  0.000000
12  -1.00  1.24  0.00  30  -37.843173  1.222409  5.731621  5.503866  -0.000000  0.000000  0.941843  11.235487  -0.000000  -0.000000
12  -1.00  1.26  0.00  30  -38.123173  1.222409  5.731621  5.503866  -0.000000  0.000000  0.941843  11.235487  -0.000000  -0.000000
12  -1.00  1.28  0.00  30  -38.403173  1.222409  5.503866  5.731621  -0.000000  0.000000  0.939437  11.235487  -0.000000  -0.000000
12  -1.00  1.30  0.00  30  -38.683173  1.222409  5.503866  5.731621  -0.000000  0.000000  0.939437  11.235487  -0.000000  0.000000
12  -1.00  1.32  0.00  30  -38.963173  1.222409  5.731621  5.503866  0.000000  -0.000000  0.941843  11.235487  0.000000  0.000000
12  -1.00  1.34  0.00  30  -39.243173  1.222409  5.731621  5.503866  -0.000000  0.000000  0.941843  11.235487  -0.000000  -0.000000
12  -1.00  1.36  0.00  30  -39.523173  1.222409  5.503866  5.731621  0.000000  -0.000000  0.939437  11.235487  0.000000  0.000000
12  -1.00  1.38  0.00  30  -39.803173  1.222409  5.731621  5.503866  0.000000  0.000000  0.941843  11.235487  0.000000  -0.000000
12  -1.00  1.40  0.00  30  -40.110141  2.716084  4.776588  4.776588  -0.213945  0.213945  0.930215  9.553177  1.839328  -0.000000
12  -1.00  1.42  0.00  30  -40.430141  2.716084  4.776588  4.776588  0.213945  -0.213945  0.930215  9.553177  -1.839328  0.000000
12  -1.00  1.44  0.00  30  -40.750141  2.716084  4.776588  4.776588  0.213945  -0.213945  0.930215  9.553177  -1.839328  -0.000000
12  -1.00  1.46  0.00  30  -41.070141  2.716084  4.776588  4.776588  -0.213945  0.213945  0.930215  9.553177  1.839328  0.000000
12  -1.00  1.48  0.00  30  -41.390141  2.716084  4.776588  4.776588  -0.213945  0.213945  0.930215  9.553177  1.839328  0.000000
12  -1.00  1.50  0.00  30  -41.710141  2.716084  4.776588  4.776588  -0.213945  0.213945  0.930215  9.553177  1.839328  0.000000
16  -1.00  0.20  0.00  40  -40.968959  -8.283350  13.092025  13.092025  10.473452  -10.473452  0.974539  26.184050  0.000000  0.000000
16  -1.00  0.22  0.00  40  -40.968959  -8.283350  13.092025  13.092025  -10.473452  10.473452  0.974539  26.184050  -0.000000  0.000000
16  -1.00  0.24  0.00  40  -40.968959  -8.283350  13.092025  13.092025  -10.473452  10.473452  0.974539  26.184050  -0.000000  0.000000
16  -1.00  0.26  0.00  40  -40.968959  -8.283350  13.092025  13.092025  10.473452  -10.473452  0.974539  26.184050  0.000000  0.000000
16  -1.00  0.28  0.00  40  -40.968959  -8.283350  13.092025  13.092025  -10.473452  10.473452  0.974539  26.184050  -0.000000  -0.000000
16  -1.00  0.30  0.00  40  -41.008654  -7.031923  11.180210  13.821040  0.000000  -0.000000  0.970185  25.001250  -0.000000  0.000000
16  -1.00  0.32  0.00  40  -41.048654  -7.031923  11.180210  13.821040  0.000000  -0.000000  0.970185  25.001250  -0.000000  0.000000
16  -1.00  0.34  0.00  40  -41.088654  -7.031923  13.821040  11.180210  -0.000000  0.000000  0.975882  25.001250  0.000000  -0.000000
16  -1.00  0.36  0.00  40  -41.128415  -6.048179  12.006420  12.006420  -1.777699  1.777699  0.972237  24.012839  0.482109  0.000000
16  -1.00  0.38  0.00  40  -41.208415  -6.048179  12.006420  12.006420  -1.777699  1.777699  0.972237  24.012839  0.482109  0.000000
16  -1.00  0.40  0.00  40  -41.288415  -6.048179  12.006420  12.006420  -1.777699  1.777699  0.972237  24.012839  0.482109  -0.000000
16  -1.00  0.42  0.00  40  -41.368415  -6.048179  12.006420  12.006420  1.777699  -1.777699  0.972237  24.012839  -0.482109  -0.000000
16  -1.00  0.44  0.00  40  -41.448415  -6.048179  12.006420  12.006420  -1.777699  1.777699  0.972237  24.012839  0.482109  0.000000
16  -1.00  0.46  0.00  40  -41.528415  -6.048179  12.006420  12.006420  1.777699  -1.777699  0.972237  24.012839  -0.482109  0.000000
16  -1.00  0.48  0.00  40  -41.622230  -5.157395  10.826242  12.219113  -0.000000  0.000000  0.969211  23.045355  0.000000  -0.000000
16  -1.00  0.50  0.00  40  -41.742230  -5.157395  10.826242  12.219113  -0.000000  0.000000  0.969211  23.045355  0.000000  -0.000000
16  -1.00  0.52  0.00  40  -41.862230  -5.157395  12.219113  10.826242  -0.000000  0.000000  0.972720  23.045355  0.000000  -0.000000
16  -1.00  0.54  0.00  40  -41.982230  -5.157395  12.219113  10.826242  0.000000  -0.000000  0.972720  23.045355  0.000000  -0.000000
16  -1.00  0.56  0.00  40  -42.102230  -5.157395  12.219113  10.826242  0.000000  -0.000000  0.972720  23.045355  0.000000  -0.000000
16  -1.00  0.58  0.00  40  -42.222230  -5.157395  10.826242  12.219113  0.000000  -0.000000  0.969211  23.045355  -0.000000  0.000000
16  -1.00  0.60  0.00  40  -42.342230  -5.157395  10.826242  12.219113  -0.000000  -0.000000  0.969211  23.045355  0.000000  0.000000
16  -1.00  0.62  0.00  40  -42.494973  -4.251047  10.998814  10.998814  1.428355  -1.428355  0.969694  21.997628  -1.057350  -0.000000
16  -1.00  0.64  0.00  40  -42.654973  -4.251047  10.998814  10.998814  1.428355  -1.428355  0.969694  21.997628  -1.057350  0.000000
16  -1.00  0.66  0.00  40  -42.814973  -4.251047  10.998814  10.998814  1.428355  -1.428355  0.969694  21.997628  -1.057350  -0.000000
16  -1.00  0.68  0.00  40  -42.974973  -4.251047  10.998814  10.998814  1.428355  -1.428355  0.969694  21.997628  -1.057350  -0.000000
16  -1.00  0.70  0.00  40  -43.134973  -4.251047  10.998814  10.998814  -1.428355  1.428355  0.969694  21.997628  1.057350  0.000000
16  -1.00  0.72  0.00  40  -43.294973  -4.251047  10.998814  10.998814  1.428355  -1.428355  0.969694  21.997628  -1.057350  -0.000000
16  -1.00  0.74  0.00  40  -43.454973  -4.251047  10.998814  10.998814  1.428355  -1.428355  0.969694  21.997628  -1.057350  -0.000000
16  -1.00  0.76  0.00  40  -43.653797  -3.281180  10.056547  10.778370  0.000000  -0.000000  0.966854  20.834917  -0.000000  0.000000
16  -1.00  0.78  0.00  40  -43.853797  -3.281180  10.056547  10.778370  0.000000  -0.000000  0.966854  20.834917  -0.000000  0.000000
16  -1.00  0.80  0.00  40  -44.053797  -3.281180  10.778370  10.056547  -0.000000  0.000000  0.969074  20.834917  -0.000000  -0.000000
16  -1.00  0.82  0.00  40  -44.253797  -3.281180  10.056547  10.778370  -0.000000  0.000000  0.966854  20.834917  -0.000000  -0.000000
16  -1.00  0.84  0.00  40  -44.453797  -3.281180  10.056547  10.778370  0.000000  -0.000000  0.966854  20.834917  -0.000000  -0.000000
16  -1.00  0.86  0.00  40  -44.653797  -3.281180  10.056547  10.778370  -0.000000  0.000000  0.966854  20.834917  -0.000000  -0.000000
16  -1.00  0.88  0.00  40  -44.858964  -2.224863  9.775868  9.775868  -0.889278  0.889278  0.965902  19.551736  1.430711  -0.000000
16  -1.00  0.90  0.00  40  -45.098964  -2.224863  9.775868  9.775868  -0.889278  0.889278  0.965902  19.551736  1.430711  -0.000000
16  -1.00  0.92  0.00  40  -45.338964  -2.224863  9.775868  9.775868  0.889278  -0.889278  0.965902  19.551736  -1.430711  -0.000000
16  -1.00  0.94  0.00  40  -45.578964  -2.224863  9.775868  9.775868  0.889278  -0.889278  0.965902  19.551736  -1.430711  -0.000000
16  -1.00  0.96  0.00  40  -45.818964  -2.224863  9.775868  9.775868  0.889278  -0.889278  0.965902  19.551736  -1.430711  0.000000
16  -1.00  0.98  0.00  40  -46.058964  -2.224863  9.775868  9.775868  0.889278  -0.889278  0.965902  19.551736  -1.430711  0.000000
16  -1.00  1.00  0.00  40  -46.298964  -2.224863  9.775868  9.775868  -0.889278  0.889278  0.965902  19.551736  1.430711  -0.000000
16  -1.00  1.02  0.00  40  -46.557588  -1.069256  8.879241  9.274470  -0.000000  0.000000  0.962459  18.153712  0.000000  -0.000000
16  -1.00  1.04  0.00  40  -46.837588  -1.069256  8.879241  9.274470  0.000000  -0.000000  0.962459  18.153712  0.000000  -0.000000
16  -1.00  1.06  0.00  40  -47.117588  -1.069256  9.274470  8.879241  0.000000  -0.000000  0.964059  18.153712  -0.000000  -0.000000
16  -1.00  1.08  0.00  40  -47.397588  -1.069256  8.879241  9.274470  -0.000000  0.000000  0.962459  18.153712  -0.000000  0.000000
16  -1.00  1.10  0.00  40  -47.677588  -1.069256  8.879241  9.274470  -0.000000  0.000000  0.962459  18.153712  0.000000  -0.000000
16  -1.00  1.12  0.00  40  -47.957588  -1.069256  9.274470  8.879241  -0.000000  0.000000  0.964059  18.153712  -0.000000  -0.000000
16  -1.00  1.14  0.00  40  -48.239883  0.193525  8.325063  8.325063  0.493547  -0.493547  0.959960  16.650127  -1.670609  0.000000
16  -1.00  1.16  0.00  40  -48.559883  0.193525  8.325063  8.325063  0.493547  -0.493547  0.959960  16.650127  -1.670609  0.000000
16  -1.00  1.18  0.00  40  -48.879883  0.193525  8.325063  8.325063  0.493547  -0.493547  0.959960  16.650127  -1.670609  0.000000
16  -1.00  1.20  0.00  40  -49.199883  0.193525  8.325063  8.325063  -0.493547  0.493547  0.959960  16.650127  1.670609  0.000000
16  -1.00  1.22  0.00  40  -49.519883  0.193525  8.325063  8.325063  0.493547  -0.493547  0.959960  16.650127  -1.670609  0.000000
16  -1.00  1.24  0.00  40  -49.839883  0.193525  8.325063  8.325063  -0.493547  0.493547  0.959960  16.650127  1.670609  0.000000
16  -1.00  1.26  0.00  40  -50.159883  0.193525  8.325063  8.325063  -0.493547  0.493547  0.959960  16.650127  1.670609  0.000000
16  -1.00  1.28  0.00  40  -50.517056  1.568296  7.636935  7.413976  -0.000000  0.000000  0.956352  15.050911  0.000000  0.000000
16  -1.00  1.30  0.00  40  -50.877056  1.568296  7.413976  7.636935  0.000000  -0.000000  0.955040  15.050911  -0.000000  -0.000000
16  -1.00  1.32  0.00  40  -51.237056  1.568296  7.413976  7.636935  0.000000  -0.000000  0.955040  15.050911  -0.000000  0.000000
16  -1.00  1.34  0.00  40  -51.597056  1.568296  7.413976  7.636935  0.000000  -0.000000  0.955040  15.050911  -0.000000  -0.000000
16  -1.00  1.36  0.00  40  -51.957056  1.568296  7.636935  7.413976  -0.000000  0.000000  0.956352  15.050911  0.000000  -0.000000
16  -1.00  1.38  0.00  40  -52.320310  3.057330  6.682824  6.682824  -0.236474  0.236474  0.950121  13.365647  1.825267  0.000000
16  -1.00  1.40  0.00  40  -52.720310  3.057330  6.682824  6.682824  0.236474  -0.236474  0.950121  13.365647  -1.825267  0.000000
16  -1.00  1.42  0.00  40  -53.120310  3.057330  6.682824  6.682824  -0.236474  0.236474  0.950121  13.365647  1.825267  0.000000
16  -1.00  1.44  0.00  40  -53.520310  3.057330  6.682824  6.682824  0.236474  -0.236474  0.950121  13.365647  -1.825267  0.000000
16  -1.00  1.46  0.00  40  -53.920310  3.057330  6.682824  6.682824  -0.236474  0.236474  0.950121  13.365647  1.825267  -0.000000
16  -1.00  1.48  0.00  40  -54.320310  3.057330  6.682824  6.682824  0.236474  -0.236474  0.950121  13.365647  -1.825267  0.000000
16  -1.00  1.50  0.00  40  -54.740572  4.659865  5.860505  5.743059  0.000000  -0.000000  0.943122  11.603564  0.000000  0.000000
3  -1.00  0.00  0.00  15  -7.974455  -1.403831  2.441670  2.441670  -1.832565  -1.832565  0.863481  4.883339  -0.000000  -0.000000
3  -1.00  0.20  0.00  15  -7.974455  -1.403831  2.441670  2.441670  1.832565  1.832565  0.863481  4.883339  0.000000  -0.000000
3  -1.00  0.34  0.00  15  -7.974455  -1.403831  2.441670  2.441670  -1.832565  -1.832565  0.863481  4.883339  0.000000  0.000000
3  -1.00  0.35  0.00  15  -7.974455  -1.403831  2.441670  2.441670  -1.832565  -1.832565  0.863481  4.883339  -0.000000  0.000000
3  -1.00  0.36  0.00  15  -7.984292  -0.684315  1.290199  2.810912  0.000000  0.000000  0.741642  4.101111  0.701275  0.000000
3  -1.00  0.37  0.00  15  -8.004292  -0.684315  2.810912  1.290199  -0.000000  -0.000000  0.881415  4.101111  -0.701275  0.000000
3  -1.00  0.38  0.00  15  -8.024292  -0.684315  2.810912  1.290199  -0.000000  -0.000000  0.881415  4.101111  -0.701275  0.000000
3  -1.00  0.39  0.00  15  -8.044292  -0.684315  1.290199  2.810912  -0.000000  -0.000000  0.741642  4.101111  0.701275  -0.000000
3  -1.00  0.40  0.00  15  -8.064292  -0.684315  1.290199  2.810912  -0.000000  -0.000000  0.741642  4.101111  0.701275  0.000000
3  -1.00  0.41  0.00  15  -8.084292  -0.684315  2.810912  1.290199  -0.000000  -0.000000  0.881415  4.101111  -0.701275  -0.000000
3  -1.00  0.42  0.00  15  -8.104292  -0.684315  2.810912  1.290199  -0.000000  -0.000000  0.881415  4.101111  -0.701275  -0.000000
3  -1.00  0.43  0.00  15  -8.124292  -0.684315  2.810912  1.290199  0.000000  0.000000  0.881415  4.101111  -0.701275  -0.000000
3  -1.00  0.44  0.00  15  -8.144292  -0.684315  1.290199  2.810912  -0.000000  -0.000000  0.741642  4.101111  0.701275  0.000000
3  -1.00  0.45  0.00  15  -8.164292  -0.684315  1.290199  2.810912  -0.000000  -0.000000  0.741642  4.101111  0.701275  0.000000
3  -1.00  0.46  0.00  15  -8.184292  -0.684315  2.810912  1.290199  -0.000000  -0.000000  0.881415  4.101111  -0.701275  0.000000
3  -1.00  0.48  0.00  15  -8.224292  -0.684315  1.290199  2.810912  -0.000000  -0.000000  0.741642  4.101111  0.701275  -0.000000
3  -1.00  0.50  0.00  15  -8.264292  -0.684315  1.290199  2.810912  0.000000  0.000000  0.741642  4.101111  0.701275  0.000000
3  -1.00  0.52  0.00  15  -8.304292  -0.684315  1.290199  2.810912  0.000000  0.000000  0.741642  4.101111  0.701275  0.000000
3  -1.00  0.54  0.00  15  -8.344292  -0.684315  1.290199  2.810912  -0.000000  -0.000000  0.741642  4.101111  0.701275  -0.000000
3  -1.00  0.56  0.00  15  -8.384292  -0.684315  1.290199  2.810912  -0.000000  -0.000000  0.741642  4.101111  0.701275  -0.000000
3  -1.00  0.58  0.00  15  -8.424292  -0.684315  2.810912  1.290199  -0.000000  -0.000000  0.881415  4.101111  -0.701275  -0.000000
3  -1.00  0.60  0.00  15  -8.464292  -0.684315  2.810912  1.290199  0.000000  0.000000  0.881415  4.101111  -0.701275  0.000000
3  -1.00  0.62  0.00  15  -8.504292  -0.684315  2.810912  1.290199  -0.000000  -0.000000  0.881415  4.101111  -0.701275  -0.000000
3  -1.00  0.64  0.00  15  -8.544292  -0.684315  2.810912  1.290199  -0.000000  -0.000000  0.881415  4.101111  -0.701275  -0.000000
3  -1.00  0.66  0.00  15  -8.584292  -0.684315  1.290199  2.810912  -0.000000  -0.000000  0.741642  4.101111  0.701275  0.000000
3  -1.00  0.68  0.00  15  -8.624292  -0.684315  1.290199  2.810912  -0.000000  -0.000000  0.741642  4.101111  0.701275  0.000000
3  -1.00  0.70  0.00  15  -8.664292  -0.684315  1.290199  2.810912  0.000000  0.000000  0.741642  4.101111  0.701275  -0.000000
3  -1.00  0.72  0.00  15  -8.735773  -0.063455  1.642629  1.642629  0.833105  0.833105  0.797073  3.285258  -0.000000  -0.000000
3  -1.00  0.74  0.00  15  -8.815773  -0.063455  1.642629  1.642629  0.833105  0.833105  0.797073  3.285258  -0.000000  0.000000
3  -1.00  0.76  0.00  15  -8.895773  -0.063455  1.642629  1.642629  0.833105  0.833105  0.797073  3.285258  0.000000  0.000000
3  -1.00  0.78  0.00  15  -8.975773  -0.063455  1.642629  1.642629  -0.833105  -0.833105  0.797073  3.285258  0.000000  0.000000
3  -1.00  0.80  0.00  15  -9.055773  -0.063455  1.642629  1.642629  0.833105  0.833105  0.797073  3.285258  0.000000  -0.000000
3  -1.00  0.82  0.00  15  -9.135773  -0.063455  1.642629  1.642629  0.833105  0.833105  0.797073  3.285258  -0.000000  0.000000
3  -1.00  0.84  0.00  15  -9.215773  -0.063455  1.642629  1.642629  -0.833105  -0.833105  0.797073  3.285258  0.000000  0.000000
3  -1.00  0.86  0.00  15  -9.295773  -0.063455  1.642629  1.642629  -0.833105  -0.833105  0.797073  3.285258  -0.000000  -0.000000
3  -1.00  0.88  0.00  15  -9.375773  -0.063455  1.642629  1.642629  0.833105  0.833105  0.797073  3.285258  -0.000000  0.000000
3  -1.00  0.90  0.00  15  -9.455773  -0.063455  1.642629  1.642629  0.833105  0.833105  0.797073  3.285258  -0.000000  0.000000
3  -1.00  0.92  0.00  15  -9.535773  -0.063455  1.642629  1.642629  0.833105  0.833105  0.797073  3.285258  -0.000000  -0.000000
3  -1.00  0.94  0.00  15  -9.615773  -0.063455  1.642629  1.642629  -0.833105  -0.833105  0.797073  3.285258  0.000000  0.000000
3  -1.00  0.96  0.00  15  -9.695773  -0.063455  1.642629  1.642629  -0.833105  -0.833105  0.797073  3.285258  0.000000  0.000000
3  -1.00  0.98  0.00  15  -9.775773  -0.063455  1.642629  1.642629  -0.833105  -0.833105  0.797073  3.285258  0.000000  0.000000
3  -1.00  1.00  0.00  15  -9.855773  -0.063455  1.642629  1.642629  0.833105  0.833105  0.797073  3.285258  0.000000  0.000000
3  -1.00  1.04  0.00  15  -10.015773  -0.063455  1.642629  1.642629  0.833105  0.833105  0.797073  3.285258  -0.000000  -0.000000
3  -1.00  1.08  0.00  15  -10.175773  -0.063455  1.642629  1.642629  0.833105  0.833105  0.797073  3.285258  0.000000  -0.000000
3  -1.00  1.12  0.00  15  -10.335773  -0.063455  1.642629  1.642629  0.833105  0.833105  0.797073  3.285258  0.000000  0.000000
3  -1.00  1.16  0.00  15  -10.495773  -0.063455  1.642629  1.642629  0.833105  0.833105  0.797073  3.285258  0.000000  0.000000
3  -1.00  1.20  0.00  15  -10.655773  -0.063455  1.642629  1.642629  0.833105  0.833105  0.797073  3.285258  -0.000000  0.000000
3  -1.00  1.24  0.00  15  -10.854214  1.146447  0.853553  1.000000  -0.000000  -0.000000  0.609476  1.853553  1.853553  -0.000000
3  -1.00  1.28  0.00  15  -11.094214  1.146447  1.000000  0.853553  -0.000000  0.000000  0.666667  1.853553  -1.853553  0.000000
3  -1.00  1.32  0.00  15  -11.334214  1.146447  1.000000  0.853553  -0.000000  -0.000000  0.666667  1.853553  -1.853553  -0.000000
3  -1.00  1.36  0.00  15  -11.574214  1.146447  1.000000  0.853553  0.000000  0.000000  0.666667  1.853553  -1.853553  0.000000
3  -1.00  1.40  0.00  15  -11.814214  1.146447  1.000000  0.853553  0.000000  0.000000  0.666667  1.853553  -1.853553  0.000000
4  -1.00  0.30  0.00  15  -10.506927  -1.949625  3.261288  3.261288  -2.503228  2.503228  0.897791  6.522576  0.000000  0.000000
4  -1.00  0.32  0.00  15  -10.506927  -1.949625  3.261288  3.261288  2.503228  -2.503228  0.897791  6.522576  -0.000000  -0.000000
4  -1.00  0.34  0.00  15  -10.516310  -1.094287  3.690557  1.978204  0.000000  -0.000000  0.909679  5.668761  -0.000000  -0.000000
4  -1.00  0.36  0.00  15  -10.556310  -1.094287  3.690557  1.978204  0.000000  -0.000000  0.909679  5.668761  -0.000000  0.000000
4  -1.00  0.38  0.00  15  -10.596310  -1.094287  1.978204  3.690557  -0.000000  0.000000  0.831497  5.668761  0.000000  0.000000
4  -1.00  0.40  0.00  15  -10.636310  -1.094287  1.978204  3.690557  0.000000  0.000000  0.831497  5.668761  0.000000  -0.000000
4  -1.00  0.42  0.00  15  -10.676310  -1.094287  3.690557  1.978204  0.000000  -0.000000  0.909679  5.668761  -0.000000  -0.000000
4  -1.00  0.44  0.00  15  -10.716310  -1.094287  3.690557  1.978204  -0.000000  0.000000  0.909679  5.668761  0.000000  0.000000
4  -1.00  0.46  0.00  15  -10.756310  -1.094287  3.690557  1.978204  -0.000000  0.000000  0.909679  5.668761  0.000000  0.000000
4  -1.00  0.48  0.00  15  -10.796310  -1.094287  3.690557  1.978204  0.000000  -0.000000  0.909679  5.668761  -0.000000  0.000000
4  -1.00  0.50  0.00  15  -10.836310  -1.094287  3.690557  1.978204  -0.000000  0.000000  0.909679  5.668761  0.000000  -0.000000
4  -1.00  0.52  0.00  15  -10.876310  -1.094287  1.978204  3.690557  0.000000  0.000000  0.831497  5.668761  0.000000  0.000000
4  -1.00  0.54  0.00  15  -10.916310  -1.094287  3.690557  1.978204  0.000000  -0.000000  0.909679  5.668761  -0.000000  -0.000000
4  -1.00  0.56  0.00  15  -10.956310  -1.094287  3.690557  1.978204  -0.000000  0.000000  0.909679  5.668761  0.000000  0.000000
4  -1.00  0.58  0.00  15  -10.996310  -1.094287  1.978204  3.690557  0.000000  0.000000  0.831497  5.668761  -0.000000  -0.000000
4  -1.00  0.60  0.00  15  -11.036310  -1.094287  3.690557  1.978204  0.000000  0.000000  0.909679  5.668761  0.000000  -0.000000
4  -1.00  0.62  0.00  15  -11.076310  -1.094287  3.690557  1.978204  -0.000000  0.000000  0.909679  5.668761  0.000000  -0.000000
4  -1.00  0.64  0.00  15  -11.141368  -0.503252  2.436841  2.436841  -1.091665  1.091665  0.863211  4.873681  1.307835  0.000000
4  -1.00  0.66  0.00  15  -11.221368  -0.503252  2.436841  2.436841  1.091665  -1.091665  0.863211  4.873681  -1.307835  0.000000
4  -1.00  0.68  0.00  15  -11.301368  -0.503252  2.436841  2.436841  1.091665  -1.091665  0.863211  4.873681  -1.307835  0.000000
4  -1.00  0.70  0.00  15  -11.381368  -0.503252  2.436841  2.436841  1.091665  -1.091665  0.863211  4.873681  -1.307835  -0.000000
4  -1.00  0.72  0.00  15  -11.461368  -0.503252  2.436841  2.436841  -1.091665  1.091665  0.863211  4.873681  1.307835  0.000000
4  -1.00  0.74  0.00  15  -11.541368  -0.503252  2.436841  2.436841  -1.091665  1.091665  0.863211  4.873681  1.307835  0.000000
4  -1.00  0.76  0.00  15  -11.621368  -0.503252  2.436841  2.436841  1.091665  -1.091665  0.863211  4.873681  -1.307835  0.000000
4  -1.00  0.78  0.00  15  -11.701368  -0.503252  2.436841  2.436841  1.091665  -1.091665  0.863211  4.873681  -1.307835  -0.000000
4  -1.00  0.80  0.00  15  -11.781368  -0.503252  2.436841  2.436841  1.091665  -1.091665  0.863211  4.873681  -1.307835  0.000000
4  -1.00  0.82  0.00  15  -11.861368  -0.503252  2.436841  2.436841  1.091665  -1.091665  0.863211  4.873681  -1.307835  -0.000000
4  -1.00  0.84  0.00  15  -11.941368  -0.503252  2.436841  2.436841  -1.091665  1.091665  0.863211  4.873681  1.307835  0.000000
4  -1.00  0.86  0.00  15  -12.021368  -0.503252  2.436841  2.436841  -1.091665  1.091665  0.863211  4.873681  1.307835  -0.000000
4  -1.00  0.88  0.00  15  -12.101368  -0.503252  2.436841  2.436841  1.091665  -1.091665  0.863211  4.873681  -1.307835  -0.000000
4  -1.00  0.90  0.00  15  -12.181368  -0.503252  2.436841  2.436841  -1.091665  1.091665  0.863211  4.873681  1.307835  0.000000
4  -1.00  0.92  0.00  15  -12.261368  -0.503252  2.436841  2.436841  1.091665  -1.091665  0.863211  4.873681  -1.307835  -0.000000
4  -1.00  0.94  0.00  15  -12.341368  -0.503252  2.436841  2.436841  1.091665  -1.091665  0.863211  4.873681  -1.307835  0.000000
4  -1.00  0.96  0.00  15  -12.421368  -0.503252  2.436841  2.436841  1.091665  -1.091665  0.863211  4.873681  -1.307835  0.000000
4  -1.00  0.98  0.00  15  -12.501368  -0.503252  2.436841  2.436841  1.091665  -1.091665  0.863211  4.873681  -1.307835  -0.000000
4  -1.00  1.00  0.00  15  -12.581368  -0.503252  2.436841  2.436841  -1.091665  1.091665  0.863211  4.873681  1.307835  0.000000
4  -1.00  1.02  0.00  15  -12.661368  -0.503252  2.436841  2.436841  -1.091665  1.091665  0.863211  4.873681  1.307835  0.000000
4  -1.00  1.04  0.00  15  -12.743991  0.537824  1.668151  1.924941  -0.000000  0.000000  0.800178  3.593092  -0.000000  -0.000000
4  -1.00  1.06  0.00  15  -12.863991  0.537824  1.668151  1.924941  -0.000000  0.000000  0.800178  3.593092  -0.000000  -0.000000
4  -1.00  1.08  0.00  15  -12.983991  0.537824  1.668151  1.924941  0.000000  -0.000000  0.800178  3.593092  0.000000  -0.000000
4  -1.00  1.10  0.00  15  -13.103991  0.537824  1.924941  1.668151  -0.000000  0.000000  0.826835  3.593092  -0.000000  -0.000000
4  -1.00  1.12  0.00  15  -13.223991  0.537824  1.924941  1.668151  -0.000000  0.000000  0.826835  3.593092  -0.000000  -0.000000
4  -1.00  1.14  0.00  15  -13.343991  0.537824  1.924941  1.668151  -0.000000  0.000000  0.826835  3.593092  -0.000000  0.000000
4  -1.00  1.16  0.00  15  -13.463991  0.537824  1.924941  1.668151  -0.000000  0.000000  0.826835  3.593092  0.000000  0.000000
4  -1.00  1.18  0.00  15  -13.583991  0.537824  1.924941  1.668151  -0.000000  0.000000  0.826835  3.593092  -0.000000  0.000000
4  -1.00  1.20  0.00  15  -13.703991  0.537824  1.924941  1.668151  -0.000000  0.000000  0.826835  3.593092  -0.000000  0.000000
4  -1.00  1.22  0.00  15  -13.823991  0.537824  1.924941  1.668151  0.000000  -0.000000  0.826835  3.593092  -0.000000  -0.000000
4  -1.00  1.24  0.00  15  -13.943991  0.537824  1.668151  1.924941  -0.000000  0.000000  0.800178  3.593092  0.000000  -0.000000
4  -1.00  1.26  0.00  15  -14.063991  0.537824  1.668151  1.924941  0.000000  -0.000000  0.800178  3.593092  0.000000  -0.000000
4  -1.00  1.28  0.00  15  -14.183991  0.537824  1.668151  1.924941  -0.000000  0.000000  0.800178  3.593092  0.000000  -0.000000
4  -1.00  1.30  0.00  15  -14.303991  0.537824  1.668151  1.924941  0.000000  -0.000000  0.800178  3.593092  0.000000  -0.000000
4  -1.00  1.32  0.00  15  -14.423991  0.537824  1.668151  1.924941  -0.000000  0.000000  0.800178  3.593092  0.000000  0.000000
4  -1.00  1.34  0.00  15  -14.543991  0.537824  1.668151  1.924941  0.000000  0.000000  0.800178  3.593092  -0.000000  -0.000000
4  -1.00  1.36  0.00  15  -14.663991  0.537824  1.924941  1.668151  -0.000000  0.000000  0.826835  3.593092  0.000000  -0.000000
4  -1.00  1.38  0.00  15  -14.783991  0.537824  1.668151  1.924941  0.000000  -0.000000  0.800178  3.593092  0.000000  0.000000
4  -1.00  1.40  0.00  15  -14.903991  0.537824  1.668151  1.924941  -0.000000  0.000000  0.800178  3.593092  0.000000  0.000000
8  -1.00  0.20  0.00  15  -20.661331  -4.056417  6.537246  6.537246  5.156687  -5.156687  0.949010  13.074493  0.000000  -0.000000
8  -1.00  0.22  0.00  15  -20.661331  -4.056417  6.537246  6.537246  -5.156687  5.156687  0.949010  13.074493  -0.000000  -0.000000
8  -1.00  0.24  0.00  15  -20.661331  -4.056417  6.537246  6.537246  5.156687  -5.156687  0.949010  13.074493  -0.000000  0.000000
8  -1.00  0.26  0.00  15  -20.661331  -4.056417  6.537246  6.537246  -5.156687  5.156687  0.949010  13.074493  -0.000000  -0.000000
8  -1.00  0.28  0.00  15  -20.661331  -4.056417  6.537246  6.537246  5.156687  -5.156687  0.949010  13.074493  -0.000000  0.000000
8  -1.00  0.30  0.00  15  -20.661331  -4.056417  6.537246  6.537246  -5.156687  5.156687  0.949010  13.074493  -0.000000  -0.000000
8  -1.00  0.32  0.00  15  -20.689606  -2.995586  7.124082  4.922393  -0.000000  0.000000  0.953210  12.046475  -0.000000  0.000000
8  -1.00  0.34  0.00  15  -20.729606  -2.995586  4.922393  7.124082  0.000000  -0.000000  0.932282  12.046475  0.000000  -0.000000
8  -1.00  0.36  0.00  15  -20.769606  -2.995586  4.922393  7.124082  0.000000  -0.000000  0.932282  12.046475  0.000000  0.000000
8  -1.00  0.38  0.00  15  -20.809606  -2.995586  7.124082  4.922393  -0.000000  0.000000  0.953210  12.046475  0.000000  -0.000000
8  -1.00  0.40  0.00  15  -20.849606  -2.995586  7.124082  4.922393  -0.000000  0.000000  0.953210  12.046475  0.000000  0.000000
8  -1.00  0.42  0.00  15  -20.889606  -2.995586  7.124082  4.922393  -0.000000  0.000000  0.953210  12.046475  -0.000000  0.000000
8  -1.00  0.44  0.00  15  -20.929606  -2.995586  7.124082  4.922393  -0.000000  0.000000  0.953210  12.046475  0.000000  -0.000000
8  -1.00  0.46  0.00  15  -20.969606  -2.995586  4.922393  7.124082  -0.000000  0.000000  0.932282  12.046475  0.000000  0.000000
8  -1.00  0.48  0.00  15  -21.038928  -2.244160  5.602726  5.602726  1.644621  -1.644621  0.940505  11.205451  -0.882039  -0.000000
8  -1.00  0.50  0.00  15  -21.118928  -2.244160  5.602726  5.602726  -1.644621  1.644621  0.940505  11.205451  0.882039  -0.000000
8  -1.00  0.52  0.00  15  -21.198928  -2.244160  5.602726  5.602726  -1.644621  1.644621  0.940505  11.205451  0.882039  -0.000000
8  -1.00  0.54  0.00  15  -21.278928  -2.244160  5.602726  5.602726  -1.644621  1.644621  0.940505  11.205451  0.882039  0.000000
8  -1.00  0.56  0.00  15  -21.358928  -2.244160  5.602726  5.602726  -1.644621  1.644621  0.940505  11.205451  0.882039  0.000000
8  -1.00  0.58  0.00  15  -21.438928  -2.244160  5.602726  5.602726  -1.644621  1.644621  0.940505  11.205451  0.882039  -0.000000
8  -1.00  0.60  0.00  15  -21.518928  -2.244160  5.602726  5.602726  -1.644621  1.644621  0.940505  11.205451  0.882039  -0.000000
8  -1.00  0.62  0.00  15  -21.598928  -2.244160  5.602726  5.602726  1.644621  -1.644621  0.940505  11.205451  -0.882039  -0.000000
8  -1.00  0.64  0.00  15  -21.678928  -2.244160  5.602726  5.602726  1.644621  -1.644621  0.940505  11.205451  -0.882039  -0.000000
8  -1.00  0.66  0.00  15  -21.758928  -2.244160  5.602726  5.602726  -1.644621  1.644621  0.940505  11.205451  0.882039  -0.000000
8  -1.00  0.68  0.00  15  -21.838928  -2.244160  5.602726  5.602726  -1.644621  1.644621  0.940505  11.205451  0.882039  0.000000
8  -1.00  0.70  0.00  15  -21.931026  -1.416191  4.743103  5.441992  0.000000  -0.000000  0.929723  10.185095  -0.000000  0.000000
8  -1.00  0.72  0.00  15  -22.051026  -1.416191  5.441992  4.743103  0.000000  -0.000000  0.938748  10.185095  -0.000000  -0.000000
8  -1.00  0.74  0.00  15  -22.171026  -1.416191  5.441992  4.743103  0.000000  -0.000000  0.938748  10.185095  0.000000  -0.000000
8  -1.00  0.76  0.00  15  -22.291026  -1.416191  4.743103  5.441992  -0.000000  0.000000  0.929723  10.185095  -0.000000  -0.000000
8  -1.00  0.78  0.00  15  -22.411026  -1.416191  5.441992  4.743103  -0.000000  0.000000  0.938748  10.185095  -0.000000  -0.000000
8  -1.00  0.80  0.00  15  -22.531026  -1.416191  4.743103  5.441992  0.000000  -0.000000  0.929723  10.185095  0.000000  -0.000000
8  -1.00  0.82  0.00  15  -22.651026  -1.416191  5.441992  4.743103  0.000000  -0.000000  0.938748  10.185095  0.000000  0.000000
8  -1.00  0.84  0.00  15  -22.771026  -1.416191  4.743103  5.441992  -0.000000  0.000000  0.929723  10.185095  -0.000000  -0.000000
8  -1.00  0.86  0.00  15  -22.891026  -1.416191  4.743103  5.441992  0.000000  -0.000000  0.929723  10.185095  0.000000  0.000000
8  -1.00  0.88  0.00  15  -23.011026  -1.416191  5.441992  4.743103  0.000000  -0.000000  0.938748  10.185095  0.000000  0.000000
8  -1.00  0.90  0.00  15  -23.131026  -1.416191  4.743103  5.441992  0.000000  -0.000000  0.929723  10.185095  -0.000000  0.000000
8  -1.00  0.92  0.00  15  -23.251026  -1.416191  5.441992  4.743103  -0.000000  0.000000  0.938748  10.185095  0.000000  -0.000000
8  -1.00  0.94  0.00  15  -23.369151  -0.386333  4.456337  4.456337  -0.689889  0.689889  0.925200  8.912673  1.554421  0.000000
8  -1.00  0.96  0.00  15  -23.529151  -0.386333  4.456337  4.456337  0.689889  -0.689889  0.925200  8.912673  -1.554421  -0.000000
8  -1.00  0.98  0.00  15  -23.689151  -0.386333  4.456337  4.456337  -0.689889  0.689889  0.925200  8.912673  1.554421  -0.000000
8  -1.00  1.00  0.00  15  -23.849151  -0.386333  4.456337  4.456337  0.689889  -0.689889  0.925200  8.912673  -1.554421  0.000000
8  -1.00  1.02  0.00  15  -24.009151  -0.386333  4.456337  4.456337  -0.689889  0.689889  0.925200  8.912673  1.554421  -0.000000
8  -1.00  1.04  0.00  15  -24.169151  -0.386333  4.456337  4.456337  -0.689889  0.689889  0.925200  8.912673  1.554421  -0.000000
8  -1.00  1.06  0.00  15  -24.329151  -0.386333  4.456337  4.456337  0.689889  -0.689889  0.925200  8.912673  -1.554421  -0.000000
8  -1.00  1.08  0.00  15  -24.489151  -0.386333  4.456337  4.456337  -0.689889  0.689889  0.925200  8.912673  1.554421  0.000000
8  -1.00  1.10  0.00  15  -24.649151  -0.386333  4.456337  4.456337  -0.689889  0.689889  0.925200  8.912673  1.554421  -0.000000
8  -1.00  1.12  0.00  15  -24.809151  -0.386333  4.456337  4.456337  -0.689889  0.689889  0.925200  8.912673  1.554421  0.000000
8  -1.00  1.14  0.00  15  -24.969151  -0.386333  4.456337  4.456337  0.689889  -0.689889  0.925200  8.912673  -1.554421  0.000000
8  -1.00  1.16  0.00  15  -25.129151  -0.386333  4.456337  4.456337  0.689889  -0.689889  0.925200  8.912673  -1.554421  -0.000000
8  -1.00  1.18  0.00  15  -25.290812  0.877604  3.827197  3.590659  -0.000000  0.000000  0.912904  7.417856  0.000000  0.000000
8  -1.00  1.20  0.00  15  -25.490812  0.877604  3.827197  3.590659  0.000000  -0.000000  0.912904  7.417856  0.000000  -0.000000
8  -1.00  1.22  0.00  15  -25.690812  0.877604  3.827197  3.590659  0.000000  -0.000000  0.912904  7.417856  -0.000000  0.000000
8  -1.00  1.24  0.00  15  -25.890812  0.877604  3.590659  3.827197  -0.000000  0.000000  0.907167  7.417856  -0.000000  -0.000000
8  -1.00  1.26  0.00  15  -26.090812  0.877604  3.827197  3.590659  -0.000000  0.000000  0.912904  7.417856  -0.000000  0.000000
8  -1.00  1.28  0.00  15  -26.290812  0.877604  3.827197  3.590659  0.000000  -0.000000  0.912904  7.417856  0.000000  -0.000000
8  -1.00  1.30  0.00  15  -26.490812  0.877604  3.590659  3.827197  -0.000000  0.000000  0.907167  7.417856  -0.000000  0.000000
8  -1.00  1.32  0.00  15  -26.690812  0.877604  3.590659  3.827197  0.000000  -0.000000  0.907167  7.417856  0.000000  -0.000000
8  -1.00  1.34  0.00  15  -26.890812  0.877604  3.827197  3.590659  0.000000  0.000000  0.912904  7.417856  0.000000  -0.000000
8  -1.00  1.36  0.00  15  -27.090812  0.877604  3.827197  3.590659  0.000000  0.000000  0.912904  7.417856  0.000000  0.000000
8  -1.00  1.38  0.00  15  -27.290812  0.877604  3.827197  3.590659  0.000000  -0.000000  0.912904  7.417856  0.000000  0.000000
8  -1.00  1.40  0.00  15  -27.490812  0.877604  3.590659  3.827197  -0.000000  0.000000  0.907167  7.417856  -0.000000  0.000000
8  -1.00  1.42  0.00  15  -27.726897  2.381663  2.870162  2.870162  -0.174098  0.174098  0.883863  5.740325  1.864583  -0.000000
8  -1.00  1.44  0.00  15  -27.966897  2.381663  2.870162  2.870162  -0.174098  0.174098  0.883863  5.740325  1.864583  0.000000
8  -1.00  1.46  0.00  15  -28.206897  2.381663  2.870162  2.870162  -0.174098  0.174098  0.883863  5.740325  1.864583  -0.000000
8  -1.00  1.48  0.00  15  -28.446897  2.381663  2.870162  2.870162  -0.174098  0.174098  0.883863  5.740325  1.864583  0.000000
8  -1.00  1.50  0.00  15  -28.686897  2.381663  2.870162  2.870162  0.174098  -0.174098  0.883863  5.740325  -1.864583  0.000000
