50                  -5.0            0.0             0.0             5                   -0.9956561708796732            0.11041163421716398              3.1465154371905038     3.248223840235704 
50                  -5.0            0.0             0.0             10                   -506.7195475973693            -50.0              0.22708589605816024     49.1166379949721 
50                  -5.0            0.0             0.0             20                   -506.7196920617799            -49.99999999999999              0.22708592372516967     49.11663795087882 
50                  -5.0            0.0             0.0             40                   -506.71969209770526            -49.99999999999995              0.22708592372587652     49.11663795087728 
50                  -4.0            0.0             0.0             5                   0.993296430145208            0.036213716141860655              3.2739697118669886     3.0243580650174984 
50                  -4.0            0.0             0.0             10                   -408.344716647419            -50.0              0.3497149497864538     48.64449803294818 
50                  -4.0            0.0             0.0             20                   -408.34513935467277            -50.00000000000018              0.34971500429714214     48.644497884842885 
50                  -4.0            0.0             0.0             40                   -408.3451394761685            -50.00000000000006              0.34971500430335867     48.644497884828894 
50                  -3.0            0.0             0.0             5                   0.9883850576455651            0.11605483463484109              2.9767061465483082     3.2652058899621212 
50                  -3.0            0.0             0.0             10                   -310.9743104289102            -49.99999999999999              0.6035757759040615     47.67910062393988 
50                  -3.0            0.0             0.0             20                   -310.97594250653964            -49.99999999999996              0.6035769233306373     47.679098817599304 
50                  -3.0            0.0             0.0             40                   -310.9759431664741            -49.999999999999986              0.6035769236386149     47.67909881707146 
50                  -2.0            0.0             0.0             5                   0.9755440308957108            0.8636024258671698              3.1990198076001013     3.0916357596931836 
50                  -2.0            0.0             0.0             10                   -215.8663585987912            -50.0              1.2614680347574914     45.263549887858254 
50                  -2.0            0.0             0.0             20                   -215.87621920332478            -49.999999999999986              1.2614915639054207     45.26351160512685 
50                  -2.0            0.0             0.0             40                   -215.87622837634734            -50.000000000000014              1.2614916021409015     45.26351153866405 
50                  -2.0            0.0             0.0             80                   -215.87622838652103            -50.0              1.2614916021886395     45.26351153859648 
50                  -1.0            0.0             0.0             5                   0.9236853289567105            -0.5626356285414322              3.29708661341696     3.0529891724693363 
50                  -1.0            0.0             0.0             10                   -127.15886035108093            -50.0              37.02370903082324     3.9292542249995277 
50                  -1.0            0.0             0.0             20                   -127.27549524692125            -50.000000000000014              37.010561799434456     3.939568826527728 
50                  -1.0            0.0             0.0             40                   -127.27640594243269            -50.0              37.01032383275657     3.9397562630400706 
50                  -1.0            0.0             0.0             80                   -127.27641641498982            -49.999999999999986              37.010322063005326     3.93975775135043 
50                  -1.0            0.0             0.0             160                   -127.27641645995742            -49.999999999999865              37.0103220568082     3.9397577566735316 
50                  0.0            0.0             0.0             5                   -0.6829441598730339            0.059951233605172335              3.0062500292807837     3.160422000123851 
50                  0.0            0.0             0.0             10                   -55.59666470523545            -50.0              12.899361899544223     18.358751314348225 
50                  0.0            0.0             0.0             20                   -55.96236146325196            -50.00000000000001              13.401718442051168     17.853433293549376 
50                  0.0            0.0             0.0             40                   -55.99548767822894            -50.00000000000001              13.478283513701006     17.77820258991566 
50                  0.0            0.0             0.0             80                   -55.99799464322926            -50.0              13.481998086944003     17.77455468245864 
50                  0.0            0.0             0.0             160                   -55.998093976951594            -50.0              13.482036388354267     17.774517395843322 
50                  0.0            0.0             0.0             320                   -55.99809490488977            -49.99999999999987              13.48203660017162     17.77451718704981 
50                  1.0            0.0             0.0             5                   -0.74210592611653            -0.047277827830049524              3.133483881175289     3.137965614464622 
50                  1.0            0.0             0.0             10                   1.41007145142184e-25            33.07041922871708              5.293936051621164e-26     7.635993951136867e-26 
50                  2.0            0.0             0.0             5                   -1.0847552720142988e-26            0.005792699936868255              3.253674643248339     3.067931286793075 
50                  2.0            0.0             0.0             10                   6.923706424344156e-26            26.309553268081956              1.4326207462760438e-26     1.8335452207565598e-26 
50                  3.0            0.0             0.0             5                   0.7338246931210535            0.8376137200545113              2.983507685369119     3.135805759991791 
50                  3.0            0.0             0.0             10                   4.546631645556964e-26            31.572769390409718              7.329022522852871e-27     2.355287107581921e-26 
50                  4.0            0.0             0.0             5                   0.9369209113383292            0.43082512101210535              3.06785727111254     3.0487115557409443 
50                  4.0            0.0             0.0             10                   7.339168205518215e-26            25.543653531249195              3.0156700785970135e-27     8.077445680187298e-27 
