20                  -5.0            0.0             0.0             5                   2.3615606710474e-310            -0.8916122732744048              1.1865009904922366     1.4157204050917627 
20                  -5.0            0.0             0.0             10                   -202.7648471831301            -20.000000000000004              0.0970521018048757     19.633301181429538 
20                  -5.0            0.0             0.0             20                   -202.7649111823703            -20.0              0.09705211431097756     19.63330116209782 
20                  -5.0            0.0             0.0             40                   -202.7649111977596            -20.000000000000007              0.09705211431132511     19.633301162097204 
20                  -4.0            0.0             0.0             5                   -0.9932960715993113            0.3562011735084511              1.3189532775093646     1.1769257853251773 
20                  -4.0            0.0             0.0             10                   -163.43221609821248            -20.000000000000004              0.14924524366178704     19.4379662097906 
20                  -4.0            0.0             0.0             20                   -163.4324022652316            -20.0              0.1492452706259593     19.4379661410258 
20                  -4.0            0.0             0.0             40                   -163.43240231780248            -19.999999999999982              0.14924527062939424     19.437966141018762 
20                  -3.0            0.0             0.0             5                   1.0            0.2979071461107874              1.2241517021962622     1.1929701494124076 
20                  -3.0            0.0             0.0             10                   -124.51025288807848            -19.999999999999996              0.2568407063521683     19.03990993467311 
20                  -3.0            0.0             0.0             20                   -124.51096343723576            -19.999999999999996              0.2568412286482554     19.039909128592814 
20                  -3.0            0.0             0.0             40                   -124.51096372625815            -20.000000000000004              0.25684122879569743     19.039909128343282 
20                  -2.0            0.0             0.0             5                   -0.9755439824433776            -0.3232463930424908              1.1821099157933657     1.353376351735387 
20                  -2.0            0.0             0.0             10                   -86.5084558044727            -19.999999999999996              0.5330660297894562     18.05129043471507 
20                  -2.0            0.0             0.0             20                   -86.5126366856056            -20.0              0.5330763465717849     18.051273826012643 
20                  -2.0            0.0             0.0             40                   -86.512640586891            -20.0              0.5330763636756412     18.051273796475403 
20                  -1.0            0.0             0.0             5                   -0.9235504153323117            -0.08243782280776737              1.26003464059985     1.2289515323203914 
20                  -1.0            0.0             0.0             10                   -51.07667447327301            -20.0              1.615762700112107     14.754523145517066 
20                  -1.0            0.0             0.0             20                   -51.122457706262026            -20.0              1.618705390697814     14.750751590145901 
20                  -1.0            0.0             0.0             40                   -51.12277380742829            -20.0              1.6187541369872662     14.750688695849053 
20                  -1.0            0.0             0.0             80                   -51.12277707974562            -20.000000000000004              1.6187543561871776     14.750688423094298 
20                  0.0            0.0             0.0             5                   1.0            0.2991394889786252              1.355344907317327     1.1901823962493447 
20                  0.0            0.0             0.0             10                   -22.359443500071382            -19.999999999999996              4.934395751530693     7.619199489246374 
20                  0.0            0.0             0.0             20                   -22.511351535913818            -20.0              5.011512414306013     7.542340875164246 
20                  0.0            0.0             0.0             40                   -22.51796289239268            -20.0              5.014322479495762     7.539754160221848 
20                  0.0            0.0             0.0             80                   -22.518147581788263            -20.0              5.014369335605495     7.539707532219547 
20                  0.0            0.0             0.0             160                   -22.518149986952363            -19.999999999999996              5.014369416464377     7.539707449631861 
20                  1.0            0.0             0.0             5                   0.5614101124200401            0.286024246939734              1.2095741929363837     1.1691529108093295 
20                  1.0            0.0             0.0             10                   2.1020966988625185e-26            12.141381844161664              8.251584553808002e-27     2.9427581639860145e-26 
20                  2.0            0.0             0.0             5                   -1.1919113171436405e-27            -0.26500566781327756              1.3717323292148411     1.2605489819461217 
20                  2.0            0.0             0.0             10                   4.036045444808843e-26            13.389738357567522              1.9454351905616604e-27     6.452791194415779e-26 
20                  3.0            0.0             0.0             5                   -2.634839887390163e-28            -0.14444474272891034              1.1675629088183543     1.3304575419264453 
20                  3.0            0.0             0.0             10                   1.657330813257748e-27            12.063204825279175              4.132047780772518e-28     3.5124798460988186e-28 
20                  4.0            0.0             0.0             5                   1.0            -0.46421600200397733              1.1716321722595193     1.4125741661736984 
20                  4.0            0.0             0.0             10                   1.2469718588025736e-27            12.770024829809799              9.80979357675455e-29     8.629400068203734e-29 
