10                  -5.0            0.0             0.0             5                   0.0            0.16287736120856              0.583834723130301     0.5732168599451914 
10                  -5.0            0.0             0.0             10                   -101.4466137117222            -10.0              9.805522243581818     0.053707503716993704 
10                  -5.0            0.0             0.0             20                   -101.44665088923641            -10.000000000000005              9.805522232501858     0.05370751117413936 
10                  -4.0            0.0             0.0             5                   0.9932956408746622            0.17556843170188244              0.6473535654610518     0.6053621366084415 
10                  -4.0            0.0             0.0             10                   -81.79471591521614            -10.000000000000004              0.08242198965447155     9.702455614043755 
10                  -4.0            0.0             0.0             20                   -81.79482323542989            -10.0              0.0824220260949412     9.702455559707305 
10                  -4.0            0.0             0.0             40                   -81.79482326502739            -10.000000000000002              0.08242202609766115     9.702455559702305 
10                  -3.0            0.0             0.0             5                   -80.79471591521614            -0.14469647485607445              0.5897355791895729     0.6095336557585702 
10                  -3.0            0.0             0.0             10                   -62.355567041315894            -10.0              0.1412623425652119     9.493513042145704 
10                  -3.0            0.0             0.0             20                   -62.35597041558189            -9.999999999999996              0.14126266544544475     9.493512562880532 
10                  -3.0            0.0             0.0             40                   -62.35597058000125            -10.000000000000004              0.1412626655437442     9.493512562715326 
10                  -2.0            0.0             0.0             5                   -61.355567041315894            -0.1361063027711312              0.6724729919335154     0.5502839641885685 
10                  -2.0            0.0             0.0             10                   -43.38915487715434            -9.999999999999998              0.29026573209841705     8.980536750084635 
10                  -2.0            0.0             0.0             20                   -43.39144257193747            -9.999999999999998              0.29027176314816944     8.980527201195663 
10                  -2.0            0.0             0.0             40                   -43.39144472979973            -10.000000000000002              0.2902717747414655     8.980527181828315 
10                  -1.0            0.0             0.0             5                   1.0            0.18754435115482782              0.5955804825827511     0.5145455299246181 
10                  -1.0            0.0             0.0             10                   -25.715946746540777            -9.999999999999995              0.8440640182230409     7.332090712549735 
10                  -1.0            0.0             0.0             20                   -25.738116047659624            -10.000000000000002              0.8450566844308322     7.330859638423224 
10                  -1.0            0.0             0.0             40                   -25.73823250196865            -10.0              0.8450650659960063     7.3308480837092675 
10                  -1.0            0.0             0.0             80                   -25.73823343583464            -9.999999999999996              0.8450650779973606     7.330848068022129 
10                  0.0            0.0             0.0             5                   -24.715946746540777            -0.13354813438187685              0.6678239240241579     0.5908964581400814 
10                  0.0            0.0             0.0             10                   -11.290214576804447            -10.0              2.341454493504045     3.980998741593835 
10                  0.0            0.0             0.0             20                   -11.36269685811257            -10.0              2.347502893614775     3.974711627080709 
10                  0.0            0.0             0.0             40                   -11.363732341394401            -9.999999999999998              2.347581542656102     3.9746502277548417 
10                  0.0            0.0             0.0             80                   -11.363742379417735            -10.0              2.3475818072451546     3.9746499184524935 
10                  0.0            0.0             0.0             160                   -11.363742413528845            -9.999999999999998              2.347581807269301     3.9746499184317243 
10                  1.0            0.0             0.0             5                   -0.7505965317050405            -0.2831970333089868              0.5940224075128248     0.635747716661119 
10                  1.0            0.0             0.0             10                   1.7629269054601244e-26            7.002877670991876              6.650213932244091e-26     5.839574594460787e-26 
10                  2.0            0.0             0.0             5                   -2.282191031711216e-28            -0.13550441979568695              0.6476834406523555     0.6502920129543713 
10                  2.0            0.0             0.0             10                   5.1516179467776625e-27            6.053318563940007              2.81390316567529e-28     1.2420493055021601e-27 
10                  3.0            0.0             0.0             5                   1.0            -0.5107931158764382              0.6070666533735514     0.6945191159003876 
10                  3.0            0.0             0.0             10                   3.234948734174643e-29            7.868941482994611              3.8402910838777854e-30     6.960148190941009e-30 
10                  4.0            0.0             0.0             5                   1.0            0.19254926209248258              0.5761749717242953     0.6648104521251152 
10                  4.0            0.0             0.0             10                   2.38602341615526e-27            7.578998839363083              1.339962864556233e-27     1.2636489337190698e-27 
