40                  -5.0            0.0             0.0             5                   2.36151312645696e-310            -0.3692392037050466              2.526017601780462     2.54078568702965 
40                  -5.0            0.0             0.0             10                   -405.4013141259542            -40.0              39.28885904573689     0.1837413139063854 
40                  -5.0            0.0             0.0             20                   -405.4014317686394            -40.0              39.28885902128497     0.18374132058739948 
40                  -5.0            0.0             0.0             40                   -405.40143179772423            -39.999999999999986              39.288859021283955     0.1837413205876929 
40                  -4.0            0.0             0.0             5                   0.993296430131272            0.13789487061045486              2.4299355771480453     2.512948805329597 
40                  -4.0            0.0             0.0             10                   -326.707216464366            -40.0              38.908987472753466     0.28289165286659984 
40                  -4.0            0.0             0.0             20                   -326.70756032485906            -39.999999999999986              38.90898730357217     0.2828917597380266 
40                  -4.0            0.0             0.0             40                   -326.70756042337916            -40.000000000000036              38.90898730355885     0.2828917597453707 
40                  -3.0            0.0             0.0             5                   0.9883849454690008            0.6460760126607632              2.5828444579536325     2.2711986919083627 
40                  -3.0            0.0             0.0             10                   -248.8196245819939            -40.00000000000001              38.13270372902335     0.4879974172533265 
40                  -3.0            0.0             0.0             20                   -248.82094948369678            -40.0              38.132702254597234     0.48799835843646777 
40                  -3.0            0.0             0.0             40                   -248.82095001973562            -40.0              38.13270225416202     0.4879983586909822 
40                  -2.0            0.0             0.0             5                   0.9754954979098134            0.40523403102402317              2.3575126806997004     2.529384389598366 
40                  -2.0            0.0             0.0             10                   -172.74705766766405            -40.0              36.19279673838488     1.0186673649794578 
40                  -2.0            0.0             0.0             20                   -172.7550250306999            -40.0              36.192765678756054     1.0186864914604286 
40                  -2.0            0.0             0.0             40                   -172.75503244652876            -40.0              36.192765624601876     1.0186865226519297 
40                  -1.0            0.0             0.0             5                   0.9233560997390724            0.1834648012670691              2.6022580800701203     2.537596862469445 
40                  -1.0            0.0             0.0             10                   -101.79798501243292            -40.00000000000001              29.600556474594775     3.1581671502852178 
40                  -1.0            0.0             0.0             20                   -101.89114921011256            -40.0              29.590624988907216     3.1659477270331764 
40                  -1.0            0.0             0.0             40                   -101.89186189440218            -40.0              29.590445386933702     3.1660889286032776 
40                  -1.0            0.0             0.0             80                   -101.89186996733388            -39.99999999999999              29.590444121553276     3.1660899906028823 
40                  -1.0            0.0             0.0             160                   -101.89187000059279            -39.99999999999998              29.590444117467893     3.166089994094086 
40                  0.0            0.0             0.0             5                   -0.7381687078607886            -0.3092254788220485              2.5243577004353344     2.5935173245978214 
40                  0.0            0.0             0.0             10                   -44.51699557313834            -40.0              10.109491133059628     14.90988986197497 
40                  0.0            0.0             0.0             20                   -44.81194916866786            -40.0              10.571708356799375     14.449027353408182 
40                  0.0            0.0             0.0             40                   -44.835776245895815            -40.0              10.615070140105683     14.40692553947367 
40                  0.0            0.0             0.0             80                   -44.8372471005253            -39.99999999999999              10.616421725863354     14.405607363466164 
40                  0.0            0.0             0.0             160                   -44.83729299995694            -39.99999999999999              10.616431805912725     14.405597681306595 
40                  0.0            0.0             0.0             320                   -44.83729331066734            -39.999999999999915              10.61643184541953     14.405597642505265 
40                  1.0            0.0             0.0             5                   -43.51699557313834            -0.588909637020105              2.5949632961140168     2.4770500395995807 
40                  1.0            0.0             0.0             10                   1.8356428167506707e-25            18.89457666526767              8.501729214392212e-26     2.257141307473088e-26 
40                  2.0            0.0             0.0             5                   1.8988443137467147e-26            -0.15973623879587373              2.5599603367188153     2.5548520897404283 
40                  2.0            0.0             0.0             10                   5.337613206577819e-26            23.709544411919808              1.1532572985591796e-26     9.495018822525476e-27 
40                  3.0            0.0             0.0             5                   -4.413055153927353e-27            0.1604250360039826              2.6013348002920083     2.342193497766181 
40                  3.0            0.0             0.0             10                   3.909734150458213e-26            23.085545388942183              1.4576227526693352e-26     2.6988433105559835e-27 
40                  4.0            0.0             0.0             5                   -3.688819285285552e-27            -0.2074006332193067              2.4850757761386517     2.676160109765856 
40                  4.0            0.0             0.0             10                   4.543321676395989e-26            26.25392422340579              8.65265353973496e-27     9.264801149784686e-27 
