30                  -5.0            0.0             0.0             5                   1.0            0.28812106029712237              1.7316134781837902     1.813972987547802 
30                  -5.0            0.0             0.0             10                   -304.0830806545423            -30.0              0.14039669988723716     29.46108011927791 
30                  -5.0            0.0             0.0             20                   -304.0831714755078            -29.999999999999996              0.14039671744904078     29.461080091691393 
30                  -5.0            0.0             0.0             40                   -304.0831714977417            -30.0              0.1403967174495087     29.461080091690594 
30                  -4.0            0.0             0.0             5                   -0.9932956433751962            0.5395267664871686              1.8235503666816142     1.882412567048453 
30                  -4.0            0.0             0.0             10                   -245.06971628126135            -30.00000000000003              0.21606847903657406     29.173476817509897 
30                  -4.0            0.0             0.0             20                   -245.06998129504566            -30.0              0.2160685151830206     29.173476722298105 
30                  -4.0            0.0             0.0             40                   -245.06998137059085            -30.0              0.21606851518738274     29.173476722288786 
30                  -3.0            0.0             0.0             5                   -244.06971628126135            -0.6623159093437119              1.9271908054394573     1.890516799020809 
30                  -3.0            0.0             0.0             10                   -186.66493873510876            -30.0              28.58630683182137     0.37241906184196494 
30                  -3.0            0.0             0.0             20                   -186.6659564604424            -30.0              28.58630569159502     0.3724197935423523 
30                  -3.0            0.0             0.0             40                   -186.66595687299696            -29.999999999999982              28.586305691252576     0.37241979374333906 
30                  -2.0            0.0             0.0             5                   -185.66493873510876            0.22592615776932856              1.8358986523562393     1.9320238222459578 
30                  -2.0            0.0             0.0             10                   -129.6277567355235            -29.999999999999996              0.7758616169038014     27.122049367857418 
30                  -2.0            0.0             0.0             20                   -129.63383085820084            -30.000000000000007              0.7758814113351732     27.122019759032895 
30                  -2.0            0.0             0.0             40                   -129.63383651670978            -30.00000000000002              0.7758814431629578     27.122019710539853 
30                  -1.0            0.0             0.0             5                   -128.6277567355235            -0.2734347177657534              1.9232134913209953     1.9697204485475535 
30                  -1.0            0.0             0.0             10                   -76.43740309318379            -29.999999999999996              2.386661634820376     22.177888948366828 
30                  -1.0            0.0             0.0             20                   -76.50680354694344            -29.99999999999995              2.3923266281074613     22.170688178215993 
30                  -1.0            0.0             0.0             40                   -76.50731784643867            -30.0              2.3924215927104067     22.17056694323233 
30                  -1.0            0.0             0.0             80                   -76.5073235197257            -30.0              2.3924222288703554     22.17056618166618 
30                  -1.0            0.0             0.0             160                   -76.50732354127537            -29.999999999999975              2.3924222305959106     22.17056617961926 
30                  0.0            0.0             0.0             5                   0.7420528766430176            -0.4994714522241154              1.8243010307419374     1.9724806080363737 
30                  0.0            0.0             0.0             10                   -33.427067585405325            -30.000000000000036              10.033291084156597     8.715870745263329 
30                  0.0            0.0             0.0             20                   -33.62620551603579            -29.999999999999993              9.974155025721144     8.79144179176309 
30                  0.0            0.0             0.0             40                   -33.64225712793931            -30.0              9.967656368333884     8.798192179679264 
30                  0.0            0.0             0.0             80                   -33.64304426378156            -30.0              9.967576008906532     8.798278476705955 
30                  0.0            0.0             0.0             160                   -33.643052807649696            -29.999999999999982              9.967575529378138     8.798278992843237 
30                  0.0            0.0             0.0             320                   -33.64305285533498            -29.999999999999943              9.967575528501124     8.79827899376919 
30                  1.0            0.0             0.0             5                   0.6693606159995849            0.2923713541048431              1.8067465445068647     1.8551743419419318 
30                  1.0            0.0             0.0             10                   2.1057004392945136e-26            17.140626230182097              3.029124972943851e-26     4.939769932486103e-27 
30                  2.0            0.0             0.0             5                   -3.775439325249549e-27            -0.24436205092257993              1.9725751078220206     1.8310504693469467 
30                  2.0            0.0             0.0             10                   4.5542427068195713e-26            18.991488462336385              1.2658174442593717e-26     3.000167141071642e-27 
30                  3.0            0.0             0.0             5                   -1.1410555357911484e-27            -0.0399961624052429              1.8442572751795991     1.9480004533699053 
30                  3.0            0.0             0.0             10                   2.0298734654903703e-26            16.443588787801605              3.0802181728200786e-27     1.0264105383127262e-27 
30                  4.0            0.0             0.0             5                   -1.8121322858012606e-28            -0.5271058272531558              1.913915602908232     1.903886956554814 
30                  4.0            0.0             0.0             10                   3.958450766641911e-26            22.695514014823964              2.9213864689919306e-27     1.1036617832553125e-26 
