################################################################################################
# ED  results
################################################################################################
    
  Lx lambda chemical  Energy_GS    Oflip     Oflipp       MA       MB      eA     eB       winding  
   5 -1.0     0.0   -13.04629    8.15888    1.7690e-15  -3.1634   3.1634  4.0794 4.0794   0.0
   5 -1.0     0.1   -13.04629    8.15888    8.6868e-15  -3.1634   3.1634  4.0794 4.0794   0.0
   5 -1.0     1.0   -13.04629    8.15888   -1.2222e-15  -3.1634   3.1634  4.0794 4.0794   0.0
   5 -1.0     1.8   -13.05770    6.45484   -6.4689e-15   1.2852  -1.2852  3.2274 3.2274   1.0
   5 -1.0     4.4   -15.70281    3.74758    1.3184e-15   0.2323  -0.2323  1.8738 1.8738   2.0
   5  0.0     0.0    -5.79407    6.41780    1.0444e-15  -1.0051   1.0051  3.2089 3.2089   0.0 
   5  0.0     0.62   -5.80051    5.68183    9.4629e-16   0.3812  -0.3812  2.8409 2.8409   1.0
   5  0.0     2.0    -7.26197    3.50342   -1.8735e-16   0.1616  -0.1616  1.7517 1.7517   2.0
   5  0.5     0.0    -2.73854    5.82005   -1.4568e-14  -0.3730   0.3730  2.9110 2.9110   0.0
   5  0.5     0.3    -2.75059    5.22214    1.1657e-15   0.1219  -0.1219  2.6111 2.6111   1.0
   5  0.5     0.9    -3.35954    3.29233   -5.5511e-17   0.0901  -0.0901  1.6462 1.6462   2.0
#
   6 -1.0     1.6   -15.58442    9.79747                -3.8281   3.8281  4.8987 4.8987   0.0
   6 -1.0     1.7   -15.59802    8.03580                 1.4366  -1.4366  4.0179 4.0179   1.0
   6 -1.0     3.9   -17.99599    5.50713                 0.3917  -0.3917  2.7535 2.7535   2.0
   6  0.0     0.0    -6.90675    7.66218                -1.1463   1.1463  3.8311 3.8311   0.0
   6  0.0     0.6    -6.96579    7.00701                 0.3743  -0.3743  3.5035 3.5035   1.0
   6  0.0     1.7    -8.08266    5.07388                 0.2275  -0.2275  2.5369 2.5369   2.0
   6  0.5     0.0    -3.25936    6.94578                -0.4169   0.4169  3.4729 3.4729   0.0
   6  0.5     0.26   -3.26585    6.41654                 0.1099  -0.1099  3.2083 3.2083   1.0
   6  0.5     0.8    -3.82717    4.72726                 0.1079  -0.1079  2.3636 2.3636   2.0        
   
   
################################################################################################
# DMRG  15.02.2021 commit 7666ecc45dd37868f1da98c42d2373621af751ab mu_x = mu_y 
################################################################################################

  Lx lambda  chemical theta bondD Energy_GS  winding       eA         eB         MA         MB         U4      Oflip     Oflipp     charge
   5  -1.00     0.00  0.00   900 -13.046294  -5.000000   4.079442   4.079442   3.163430  -3.163430   0.918289   8.158884   0.000000   0.000000
   5  -1.00     0.10  0.00   900 -13.046294  -5.000000   4.079442   4.079442   3.163430  -3.163430   0.918289   8.158884  -0.000000   0.000000
   5  -1.00     1.00  0.00   900 -13.000000  -1.000000   2.500000   2.500000   0.720676  -0.720676   0.866667   5.000000  -0.000000  -0.000000
   5  -1.00     1.80  0.00   900 -18.000000   5.000000   0.000000   0.000000   0.000000  -0.000000 -4317475180679495807590727680.000000   0.000000   0.000000  -0.000000
   5  -1.00     4.40  0.00   900 -44.000000   5.000000   0.000000   0.000000  -0.000000  -0.000000 -46741494533259151988058226688.000000   0.000000  -0.000000  -0.000000
   5   0.00     0.00  0.00   900  -5.794074  -5.000000   3.208901   3.208901  -1.005106   1.005106   0.896122   6.417802   0.000000   0.000000  
   5   0.00     0.62  0.00   900  -6.722641  -1.000000   2.250000   2.250000  -0.078856   0.078856   0.851852   4.500000  -0.000000   0.000000
   5   0.00     2.00  0.00   900 -20.000000   5.000000   0.000000   0.000000  -0.000000   0.000000 -2423962717515107620158963712.000000   0.000000  -0.000000   0.000000
   
   6  -1.00     1.60  0.00   225 -19.200000   6.000000   0.000000   0.000000  -0.000000  -0.000000 -2652579274542030647189307392.000000   0.000000  -0.000000  -0.000000
   6  -1.00     1.70  0.00   225 -20.400000   6.000000   0.000000   0.000000   0.000000  -0.000000 -2200986653436362642738380800.000000   0.000000   0.000000   0.000000
   6  -1.00     3.90  0.00   225 -46.800000   6.000000   0.000000   0.000000  -0.000000   0.000000 -17283760372357317946427572224.000000   0.000000  -0.000000   0.000000   
