0.0, -2.870564622337035e-6, -7.884835966920356e-7, -6.917763827885004e-7, -4.248496972003579e-7, 2.913837487961146e-7, 5.424170033130338e-7, 6.928231826575093e-7, 8.037944793093388e-7, 6.962894668616215e-7, 5.380861072268317e-7, 3.6470155972967433e-7, 2.1957371343361842e-7, 1.24482139485238e-7, 1.3092151790461415e-7, 6.68254726554629e-8, 5.7849916967889214e-8, 2.453688619508121e-7
0.02, -2.491336878795991e-6, -6.855540940486904e-7, -1.2765950169191242e-6, -9.891211774082365e-7, -8.141480987156058e-7, -6.23151249934395e-7, 4.989766396734652e-7, 4.1277180501397837e-7, 1.0540226301203326e-6, 9.524850506648086e-7, 1.009430643794662e-6, 9.640520422515841e-7, 6.571221752849077e-7, 4.2519281434616474e-7, 3.4739863224997336e-7, 1.2216926359442937e-7, 4.3455936149516816e-7
0.04, -4.0243920584881465e-7, -9.4194516575552e-8, -3.772362163201315e-7, -3.2448161829679023e-7, -5.513899195563887e-7, -4.2367252856001514e-7, -3.841946670246621e-7, -6.401842998493557e-7, 9.1416195002747e-8, -1.3243094076909045e-7, 7.177747252673505e-7, 2.192526901145797e-7, 4.948036536611689e-7, 4.5784499269618806e-7, 4.4829822520853213e-7, 1.9901330566840514e-7, 6.996215052290644e-7
0.06, 3.2787476622608835e-7, 7.642069760338543e-8, 2.2214949768617487e-8, 6.92702674109924e-8, -8.048738320276527e-8, -3.0086121649564035e-7, -2.3291249029444572e-7, -4.4621762085306216e-7, -2.961228321995968e-7, -2.714792735059035e-7, -1.5770383754443174e-7, 3.1653264176423335e-8, 6.664058771477244e-8, 2.4527553232900345e-7, 1.9794932248906605e-7, 1.4980217044602284e-7, 5.975593396767565e-7
0.08, 2.590493253795678e-7, 7.607583835111953e-8, 1.4855550362069536e-7, 1.669783978863748e-7, 1.553508886531496e-7, 5.835363348083433e-8, 1.8813808078110839e-7, 3.764543782258656e-8, -9.18716514530793e-8, -2.1426990626238762e-8, -1.561966986307617e-7, -2.0051557519940033e-7, -1.7974666238762538e-7, -1.3693608963416537e-7, -1.5005038955795413e-7, -2.667922233134945e-8, -1.2803195376109855e-7
0.1, 2.154768560247433e-7, 5.944953945791198e-8, 1.3164134160525975e-7, 1.4550260207801813e-7, 1.603514785397664e-7, 3.299834720471573e-7, -1.66442867544081e-7, 3.847772657161741e-7, -3.448111824955191e-7, 3.332588510152057e-7, -3.222509549760666e-7, -1.4729987207751094e-7, -1.876616155804811e-7, -6.068849645046726e-8, -1.2847902119972332e-7, -7.333687795929578e-8, -2.4427579531360877e-7
0.12, 1.5437515526461887e-6, 4.1278151624579706e-7, 1.002886948764381e-6, 1.0576303506315554e-6, 1.15100686387537e-6, 1.0830519394655624e-6, 5.624844089391345e-7, 6.448401189684816e-7, -5.853452953452631e-7, -4.779373704022483e-7, -1.031177576160669e-6, -1.0440966569658094e-6, -1.0169918790436938e-6, -8.917839656175097e-7, -7.416098276591399e-7, -3.518742623387361e-7, -1.3004334602495504e-6
0.14, -2.1700755875597721e-7, -4.46252041985673e-8, 2.5724352037403975e-8, -3.367554818334284e-8, 7.053720374461392e-8, 9.209418933009417e-8, 8.41019589525871e-8, 6.47196529701688e-8, 4.7268480463102946e-8, 4.19001547902198e-8, -1.3734031745205044e-8, -1.2523637021866207e-7, 8.704691328853542e-8, -1.136237850474231e-7, -2.5670022996138186e-8, 1.7183629574812898e-8, 4.944450315846893e-8
0.16, -1.0445590914454073e-7, -3.027858835880082e-8, -5.255493290556856e-8, -5.381833140249981e-8, -6.158607585016185e-8, 4.8187686008116515e-8, -4.9018523018418136e-8, 5.845481648725226e-8, 1.0663839133950859e-7, 5.684281545459413e-8, 1.3016263072929135e-7, 7.60139690081374e-8, -4.2720854631639327e-10, 5.5122065689694466e-8, -2.498051393517997e-8, -3.679749982499203e-8, -1.0216964235754133e-7
0.18, 6.861079043796181e-8, 3.87709869764663e-9, 4.06919197226685e-8, 3.5621747662695213e-8, 6.800393226313872e-8, 1.7323563139548526e-8, -5.955197823759306e-8, 1.8725176964551338e-8, -4.608717335541357e-8, -4.985787949163267e-8, 8.3506342396511e-9, 1.1249635945009828e-8, 1.4366050071767944e-8, -2.0495021235689137e-9, -2.6046153178693743e-8, -2.240913971052194e-8, -7.687589526073069e-8
0.2, 1.0465388211589044e-7, 3.145585292241293e-8, 4.298213546194418e-8, 5.2505407188707665e-8, 2.0757484175959462e-8, 1.1429676538554645e-8, 7.31116056584824e-9, -1.5740530767693883e-8, -3.433248818573986e-8, -5.3864584792506776e-8, -7.34297970206299e-8, -5.605597586111344e-8, -4.4155999689987624e-8, -1.4915176260732466e-8, -1.1521711085205055e-8, -7.577539151704116e-10, 3.934131936889074e-8
0.22, -6.178823963587377e-8, -1.2581785835408255e-8, -5.379210477052254e-8, -8.288840180892265e-8, -7.174896715644863e-8, -4.371130407632151e-8, -2.8224950987532083e-8, -9.404884759867116e-9, -3.4181889319029324e-8, -2.0596202965350585e-8, -3.198263676118529e-8, -3.105469043029885e-8, 8.710434318270899e-8, -1.8687222547164595e-8, 9.221709296181047e-8, 8.82962691295397e-8, 2.440907416745297e-7
0.24, -7.665442258719679e-8, -2.0800692335232185e-8, -5.111681838920745e-8, -6.646869910031938e-8, -8.496492959197965e-8, -7.347032288107513e-8, 8.817616814482676e-8, 1.808432570360452e-9, 1.3101759727129902e-7, 1.2930705400870934e-7, 1.1741944827559081e-7, 9.654765575906055e-8, 5.409147879609222e-8, 6.604274238597441e-9, -4.1862922461888274e-8, -4.698943528724797e-8, -1.4894292715839086e-7
0.26, 5.785190710372312e-7, 1.6474477293471068e-7, 1.7747641051224505e-7, 9.136338274817746e-8, 1.0787604326489841e-7, -1.474392274936065e-8, -5.1771138931400174e-8, -1.581340998146885e-7, -1.17784378916852e-8, -1.468158724038382e-7, -1.7060408818991846e-7, -9.272844353480636e-8, -8.175741622595822e-8, -7.329788187515618e-8, -7.908773796971857e-8, -5.038078143559943e-8, -1.797322041752203e-7
0.28, 2.582258096239798e-8, 8.557204667081209e-9, 1.6515012024598263e-8, 3.049948971156624e-8, 3.3569392876575677e-8, 5.58253579474588e-8, 5.385816459479997e-8, 1.9817174901071155e-8, 1.47662826410766e-10, -4.6036828738049707e-8, -6.393803414495025e-8, -4.803191006041985e-8, -3.628346867401433e-8, -2.140307214792969e-8, -6.376543237873733e-9, -2.007578714380287e-8, 2.2272439614834383e-8
0.3, 0.09124746248540416, 0.025074095513587108, 0.051559811326893024, 0.050810351235535095, 0.05727551036943082, 0.06089500946663967, 0.06402159410018833, 0.06586436344243504, 0.06650351065475599, 0.0658643472073432, 0.06402156609503881, 0.06089496237136016, 0.0572754186586891, 0.05081030380457713, 0.05155980880674915, 0.02507424468485775, 0.09124761306305285
0.32, 0.09124766019193092, 0.02507424141133116, 0.05155981678812818, 0.05081030390728808, 0.05727541148559315, 0.06089494846853469, 0.06402154260630541, 0.0658643190494327, 0.0665034743285012, 0.06586432008118277, 0.0640215440864287, 0.06089495029523764, 0.05727541470144262, 0.05081030866296696, 0.0515598225426708, 0.025074245833234893, 0.09124767561919489
0.34, 0.0912476708057961, 0.025074246601211686, 0.051559816431131944, 0.05081030789567578, 0.057275413048812646, 0.06089494948129576, 0.06402154301778487, 0.06586431956479886, 0.06650347284631586, 0.06586432041814583, 0.06402154483042174, 0.0608949413812942, 0.05727540994920921, 0.05081032114475337, 0.05155982496369935, 0.025074245569897152, 0.09124766002821078
0.36, 0.09128578051508096, 0.02508507694922324, 0.05157704043681774, 0.050823978713045975, 0.05728698756766179, 0.06090376161625595, 0.06402795413859325, 0.06586904827331244, 0.06650758861865039, 0.06586902078354581, 0.06402784864150678, 0.06090352512675065, 0.05728659136628811, 0.05082366516248785, 0.05157667155778756, 0.025083746146126074, 0.09128913293823016
0.38, 0.26214191354516037, 0.07147420887077466, 0.12719166131925896, 0.11058265011026217, 0.10797930349288312, 0.09950809662495093, 0.09211266425721307, 0.08666105905898738, 0.08469686849281835, 0.08666106431042325, 0.092112647567864, 0.0995080866255453, 0.1079793159245313, 0.11058258678486985, 0.1271917266161172, 0.07147418522894061, 0.26214186485472823
0.4, 0.26214191213772264, 0.07147418830600348, 0.12719163887328955, 0.11058266986314183, 0.10797934249557471, 0.09950812405067377, 0.0921126648206603, 0.08666107242345619, 0.08469686804024049, 0.08666106727540365, 0.09211265194416035, 0.09950811125569838, 0.10797932635425181, 0.1105826464865309, 0.12719165026541104, 0.07147417077259607, 0.2621418942090589
0.42, 0.2621419262489077, 0.07147420724803427, 0.12719164556792445, 0.11058263551887038, 0.10797931349486617, 0.09950810060917858, 0.09211265471715183, 0.08666107067859743, 0.08469687063288442, 0.08666107123970956, 0.0921126549483954, 0.09950810160899352, 0.10797931575779518, 0.11058263837896914, 0.12719165917437988, 0.07147415862619401, 0.26214197944999196
0.44, 0.26214193280906983, 0.07147420957866941, 0.12719164486588744, 0.1105826340168347, 0.10797931275423395, 0.09950810134722571, 0.09211265728323115, 0.08666107496365857, 0.08469687582160601, 0.08666107492492323, 0.09211265709500094, 0.09950810076680847, 0.10797931205354352, 0.11058263267821349, 0.1271916457263001, 0.07147419935089393, 0.26214193485125864
0.46, 0.262141948169023, 0.07147421382515892, 0.12719164910943032, 0.11058263689887281, 0.10797931569044172, 0.09950810559187225, 0.09211266331609641, 0.08666108235523928, 0.0846968830722816, 0.08666108102523148, 0.09211266149163413, 0.09950810205900537, 0.10797931575109937, 0.11058266379017545, 0.127192114591786, 0.07147200577143202, 0.26214372614191767
0.48, 0.4251743231554234, 0.11663525318907994, 0.17421251829244286, 0.14180499132765084, 0.1353406474948737, 0.1352959542508582, 0.1427570031240567, 0.15130263626263676, 0.1549522437286443, 0.15130268739130323, 0.14275707259209913, 0.13529598807241824, 0.1353406708715429, 0.14180509584143425, 0.17421279560906358, 0.1166353050122467, 0.42517465782779146
0.5, 0.4251745690820815, 0.11663525239348915, 0.17421277034115512, 0.14180507375256285, 0.13534064308569885, 0.13529594017956545, 0.14275700959876386, 0.15130262451409027, 0.15495220411794886, 0.15130262470597305, 0.14275701074190336, 0.135295941250104, 0.1353406440281386, 0.14180507709940376, 0.1742127740380871, 0.11663525925865771, 0.42517458159703514
0.52, 0.4251745250735028, 0.11663522832255846, 0.17421278125285122, 0.14180506905210738, 0.13534067631645963, 0.13529594487508786, 0.14275701313330352, 0.15130262671392147, 0.15495220787113395, 0.151302628696258, 0.14275701537074417, 0.13529594507047812, 0.13534064754031389, 0.1418050782673396, 0.17421277273656413, 0.11663526047700057, 0.42517457921416013
0.54, 0.42517457707319134, 0.11663524710138307, 0.1742127648693228, 0.1418050697576817, 0.1353406411441522, 0.13529593892538938, 0.14275701102135385, 0.15130262522073964, 0.15495220660179732, 0.151302626014356, 0.14275701220159548, 0.13529594202341236, 0.13534064495092896, 0.1418050770321565, 0.17421277379985098, 0.11663525990766205, 0.4251745825666451
0.56, 0.425174571370457, 0.1166352569008524, 0.17421277051218204, 0.14180507523265895, 0.13534064354252606, 0.1352959405223644, 0.14275701071686267, 0.15130262368223146, 0.15495220392929537, 0.15130262378509232, 0.14275701023284493, 0.1352959413418141, 0.1353406444657025, 0.1418050766325859, 0.17421277280773606, 0.11663525830590452, 0.4251745761665714
0.58, 0.42517457009953236, 0.11663525772573813, 0.17421277018158773, 0.1418050762627311, 0.1353406451474783, 0.13529594173528944, 0.14275701074287467, 0.15130262312783088, 0.1549522031691572, 0.15130262345227763, 0.14275701141052216, 0.1352959423162614, 0.1353406459517509, 0.14180507694825029, 0.1742127709578615, 0.1166352582886174, 0.4251745724996219
0.6, 0.42517510058768127, 0.11663558243696212, 0.17421263991773392, 0.1418049296474586, 0.13534057094400687, 0.13529590458535176, 0.14275699853171825, 0.151302610502799, 0.15495218003272643, 0.15130259426259274, 0.14275698338928783, 0.13529592411360583, 0.13534063632886306, 0.14180506803761866, 0.17421277984798297, 0.11663515546603394, 0.42517464006171907
0.62, 0.554620461782764, 0.1581912970187789, 0.2043510901993673, 0.18420578283175768, 0.1948368602661376, 0.20613132182924127, 0.20556215448924228, 0.1965020687221472, 0.19119889498941967, 0.19650207757420257, 0.20556213595639358, 0.2061311225947042, 0.19483641040362198, 0.18420541432067805, 0.20435031323096386, 0.15819144177770478, 0.5546207006368551
0.64, 0.5546209493191712, 0.15819150906048313, 0.20435035787873684, 0.1842054741799968, 0.19483651398124185, 0.20613125376518313, 0.20556225534047692, 0.1965021523150013, 0.1911989528517862, 0.19650215414156197, 0.20556225481688528, 0.20613126387281228, 0.19483652617210429, 0.18420548999830957, 0.2043503729740515, 0.1581915255737855, 0.5546209942189522
0.66, 0.554620955558353, 0.15819151889782496, 0.20435036545280524, 0.18420548682335333, 0.19483651972486335, 0.20613125779612834, 0.2055622558259255, 0.19650215734827012, 0.19119896276575288, 0.1965021577194855, 0.20556225604605805, 0.20613125801482554, 0.1948365193980092, 0.1842054870442145, 0.20435036567670514, 0.1581915205840566, 0.554620955339704
0.68, 0.5546209455569007, 0.15819152316413632, 0.2043503692000757, 0.18420549386179405, 0.19483652228981735, 0.20613125619230055, 0.20556225360991348, 0.1965021570455726, 0.19119896339070824, 0.19650215683404973, 0.2055622531814149, 0.20613125571006174, 0.19483652159883874, 0.1842054931654582, 0.2043503685665522, 0.15819152267820208, 0.5546209439584687
0.7, 0.55462095306739, 0.15819152412804638, 0.2043503702101417, 0.1842054949842879, 0.19483652316224426, 0.20613125825552675, 0.20556225502165326, 0.19650215695819273, 0.1911989624883122, 0.19650215611012983, 0.2055622522969723, 0.20613125440131314, 0.19483651953956305, 0.18420549125205113, 0.2043503769886748, 0.15819146339833196, 0.554620991055466
0.72, 0.554620943264047, 0.15819152556170557, 0.2043503681289032, 0.18420549559256516, 0.19483652198400114, 0.2061312553393721, 0.20556225312257081, 0.19650215688343786, 0.19119896349333243, 0.1965021569387101, 0.20556225340807877, 0.20613125599541032, 0.1948365220730372, 0.18420549354975302, 0.20435037050637744, 0.15819151379676386, 0.5546209542052021
0.74, 0.6540848200927707, 0.2021380013569218, 0.24265157485964084, 0.25231119660319207, 0.26269259409690404, 0.2550511292886644, 0.24696362679376477, 0.25380562174848653, 0.26060283440369714, 0.2538056240548557, 0.24696363055557985, 0.25505113102032806, 0.2626926000873513, 0.2523112141900712, 0.24265158061662317, 0.20213799260257118, 0.6540848177085573
0.76, 0.654084805704475, 0.20213798795235416, 0.24265157685216385, 0.2523112071518273, 0.26269259325610816, 0.25505112633704063, 0.24696362463904675, 0.2538056181862891, 0.26060282849861355, 0.253805619248513, 0.2469636277401633, 0.2550511267793081, 0.2626925996939406, 0.25231117729163643, 0.24265161729366613, 0.20213817084032276, 0.6540845743109558
0.78, 0.6540848121129611, 0.20213799386291964, 0.24265158227043002, 0.2523112134617886, 0.2626925983981984, 0.2550511307200485, 0.24696362913029787, 0.25380562269537904, 0.26060283324599687, 0.25380562279923785, 0.2469636293720064, 0.2550511308629475, 0.26269259859767446, 0.25231121354211217, 0.24265158251119479, 0.20213799404005722, 0.6540848123574179
0.8, 0.6540848128812505, 0.20213799408061195, 0.24265158247046112, 0.25231121358577485, 0.26269259870357553, 0.2550511308117422, 0.24696362925513615, 0.2538056228552254, 0.2606028333586198, 0.25380562263914075, 0.24696362902625701, 0.2550511307154322, 0.262692598535606, 0.25231121327148404, 0.2426515822750061, 0.20213799371032948, 0.6540848118281289
0.82, 0.6540848126113847, 0.20213799312723008, 0.24265158152371585, 0.2523112127651599, 0.2626925983297485, 0.2550511311162905, 0.24696362762635143, 0.253805627070725, 0.26060283031783593, 0.2538056233843558, 0.24696363200439214, 0.2550511271208344, 0.26269259287121266, 0.25231121221994074, 0.2426515795311498, 0.20213800053109365, 0.6540848178711172
0.84, 0.6540848118716108, 0.20213799476789046, 0.24265158328892017, 0.2523112140412037, 0.2626925988211619, 0.25505113116747335, 0.24696362933298482, 0.2538056226240684, 0.26060283272579193, 0.25380562239818466, 0.24696362897995827, 0.25505113072112257, 0.26269259828108377, 0.2523112135061839, 0.24265158282470456, 0.20213799418064743, 0.6540848104708453
0.86, 0.6540847045003639, 0.2021380720619425, 0.24265166579205022, 0.2523112129793361, 0.2626926881283628, 0.2550511481936614, 0.2469636296954094, 0.2538056179594002, 0.26060281474596636, 0.2538055973232949, 0.2469636160456458, 0.25505112357726617, 0.2626925872541651, 0.252311203897719, 0.24265157978576557, 0.20213799171580832, 0.654084805191954
0.88, 0.7313899442329278, 0.25388556094866244, 0.2985186775474485, 0.3222791387026397, 0.30983514666199136, 0.3038956026874938, 0.31502606396099453, 0.31275295893619287, 0.30467210794780564, 0.3127528722460546, 0.31502658657971816, 0.3038969605636007, 0.30983722298980887, 0.3222810327416452, 0.29852054724454247, 0.25388531196833863, 0.7313888766218566
0.9, 0.731400393223516, 0.25389298057126936, 0.298528805197553, 0.3222913797130781, 0.30984423660802474, 0.30390417474811343, 0.3150367213033118, 0.3127618432503141, 0.30467890028290656, 0.3127618472718209, 0.3150367274092807, 0.3039041842990052, 0.3098442561013984, 0.3222914235203385, 0.2985287954670721, 0.2538929602911473, 0.7314003682081412
0.92, 0.7314003619007123, 0.2538929615270489, 0.2985287943381301, 0.3222914212201834, 0.30984425503333607, 0.3039041830539167, 0.3150367255339856, 0.3127618458911639, 0.3046789009741123, 0.31276184628002923, 0.3150367256880788, 0.3039041834255832, 0.3098442552195055, 0.3222914212970501, 0.29852879457363146, 0.2538929616450389, 0.7314003624025427
0.94, 0.7314003629791128, 0.253892960779787, 0.298528793931459, 0.32229142151577517, 0.30984425504839275, 0.3039041831960481, 0.3150367259230249, 0.3127618465279613, 0.3046789008796906, 0.3127618460542794, 0.315036726523806, 0.3039041827549178, 0.3098442550862361, 0.32229142091919927, 0.29852879360749346, 0.2538929625878704, 0.7314003616889344
0.96, 0.7314003621035894, 0.25389296196775374, 0.2985287947158281, 0.32229142149631634, 0.3098442552901384, 0.303904183348065, 0.3150367255827518, 0.3127618459391471, 0.30467890084225624, 0.3127618459617838, 0.31503672539169775, 0.30390418308850276, 0.309844255153565, 0.32229142118926735, 0.2985287948388099, 0.25389295966511943, 0.7314003638663389
0.98, 0.731400564846379, 0.2538931131557518, 0.29852861292271293, 0.3222913432475071, 0.30984436941991117, 0.3039040767941954, 0.31503666664828767, 0.3127618309247228, 0.30467889430715644, 0.31276184943908203, 0.3150367319228669, 0.30390418150452614, 0.3098442535902148, 0.32229141922785803, 0.29852878743813915, 0.25389295433846343, 0.7314003555129659
1., 0.7314003654669275, 0.253892964820837, 0.2985287968041053, 0.32229142705935765, 0.3098442551268813, 0.30390418714445666, 0.31503673213006284, 0.31276185278011115, 0.3046788897264941, 0.312761842376379, 0.31503672703117747, 0.30390418600640795, 0.30984425691586465, 0.322291422608142, 0.2985287992810096, 0.25389296299334324, 0.7314003666737586
1.02, 0.792697375899966, 0.31625695731250236, 0.3657256452963034, 0.3750190834659449, 0.3595411252658696, 0.37302113008046434, 0.36719909852173443, 0.3639199230291316, 0.3732335008911484, 0.36392010999422997, 0.36719923650841485, 0.3730211179086382, 0.35954170473180463, 0.37502036240222536, 0.365724130320642, 0.3162584808758193, 0.792697412744921
1.04, 0.7926974891723627, 0.31625853462570586, 0.3657241959604651, 0.3750204378250794, 0.35954174968118285, 0.373021211143912, 0.3671993506648491, 0.363920188888018, 0.3732336816903533, 0.3639201889523487, 0.3671993508640729, 0.3730212114887856, 0.35954174995590427, 0.3750204383569523, 0.36572419612350493, 0.31625853492417993, 0.7926974896833383
1.06, 0.7926974847649451, 0.31625852519946374, 0.3657241904903417, 0.3750204388208828, 0.35954176033090546, 0.3730212174164481, 0.36719935026024875, 0.36392018982979546, 0.3732336804464844, 0.36392019001260745, 0.36719935253382985, 0.3730212128223444, 0.3595417502570216, 0.3750204383968593, 0.3657241958267537, 0.31625853392986897, 0.79269748860111
1.08, 0.7926974897316843, 0.31625853507793855, 0.3657241963466693, 0.3750204382613448, 0.35954175008733735, 0.3730212114204392, 0.36719935083456895, 0.36392018896985323, 0.37323368156364445, 0.3639201887003151, 0.3671993505400712, 0.373021211247904, 0.35954174945208206, 0.3750204382108764, 0.36572419507265874, 0.31625853478054633, 0.7926974897165693
1.1, 0.7926975004835632, 0.3162585223386584, 0.36572418961609904, 0.3750204428252047, 0.35954174966186064, 0.37302120809367667, 0.36719935281983734, 0.36392018757834166, 0.37323368293385195, 0.36392018958021793, 0.36719935132141307, 0.37302121284026224, 0.35954175011533934, 0.3750204393036542, 0.365724196338276, 0.3162585347667695, 0.7926974895925305
1.12, 0.7926974939319135, 0.31625853874483534, 0.3657242106700548, 0.37502043952122066, 0.3595417451049907, 0.3730212083488915, 0.36719934789369735, 0.36392018820445565, 0.3732336807776052, 0.36392018878359766, 0.36719935086841005, 0.3730212113771385, 0.3595417511821207, 0.3750204275897103, 0.36572433940619903, 0.31625811269925175, 0.7926977943519444
1.14, 0.8420116045288316, 0.3895710546582431, 0.4317687570142228, 0.41893828622728835, 0.42828054023678264, 0.4264723124951758, 0.4219846230799663, 0.43056201594793786, 0.42000869727097223, 0.43056710128325004, 0.4219917780013257, 0.4264792177086322, 0.42828288725941566, 0.4189393994216935, 0.4317635266112608, 0.38954613743371813, 0.841995477701752
1.16, 0.8420512677883886, 0.3896298803207807, 0.4318220491795499, 0.4189740667874473, 0.42833649045259903, 0.4265160534279878, 0.42202837627903167, 0.43061814983525226, 0.4200473286388685, 0.4306181413579815, 0.42202836663890536, 0.4265160287075971, 0.428336488061223, 0.41897405931782006, 0.4318220323248091, 0.38962986823629464, 0.84205125836217
1.18, 0.8420512694396634, 0.389629886213846, 0.4318220538398281, 0.41897406694546685, 0.4283365011906638, 0.426516036840931, 0.4220283767129684, 0.43061814854717245, 0.4200473216684857, 0.4306181486215023, 0.4220283762618939, 0.42651603714117425, 0.4283365012882656, 0.41897406680806165, 0.431822053573386, 0.3896298861083248, 0.8420512687758073
1.2, 0.842051268749793, 0.38962988674279375, 0.43182205375544347, 0.41897406688716715, 0.4283365004063313, 0.4265160362081098, 0.42202837627638096, 0.4306181483626571, 0.4200473214766825, 0.43061815025569783, 0.4220283701129448, 0.42651603856431375, 0.42833651456339117, 0.41897405525144954, 0.4318220804573626, 0.389629832823802, 0.8420512992196656
1.22, 0.842051269146064, 0.38962988639150375, 0.4318220539123382, 0.418974066960573, 0.4283365011204528, 0.42651603678793554, 0.4220283766558868, 0.4306181484569972, 0.42004732174644005, 0.4306181485032251, 0.42202837662341014, 0.42651603691194195, 0.42833650080281066, 0.4189740668490009, 0.4318220534721956, 0.3896298864486508, 0.8420512695354243
1.24, 0.8420512406312208, 0.38962978647853774, 0.43182188514084263, 0.4189741263919248, 0.42833644758770856, 0.4265160735281655, 0.42202845589779836, 0.4306182096655985, 0.4200473805690349, 0.4306181865097901, 0.4220284039744836, 0.4265160502302123, 0.42833650847596016, 0.4189740664307098, 0.4318220520237559, 0.3896298785210365, 0.8420512661475513
1.26, 0.8420634740614128, 0.3896552326242839, 0.4318390908936639, 0.4189911635811944, 0.42835601711340265, 0.42653135491721406, 0.4220495596172774, 0.43063281184406954, 0.42006922282969866, 0.4306323376553959, 0.4220493557210516, 0.42653117094196774, 0.4283563727687749, 0.41899128847948885, 0.4318396048019367, 0.3896561590663643, 0.8420651234435833
1.28, 0.8820959294547566, 0.47268304243724685, 0.48768335160153736, 0.4748353849135412, 0.4922057880649451, 0.47709579865700713, 0.490392258795091, 0.4780208662191997, 0.48997515792072877, 0.4780208678679248, 0.4903922604206823, 0.47709580129308565, 0.492205791223327, 0.4748353885521633, 0.4876833348421701, 0.4726830443971787, 0.8820959291141031
1.3, 0.8820959283511218, 0.47268304593852417, 0.48768333451407453, 0.47483538902037714, 0.49220579125533515, 0.47709580111486016, 0.49039225977814066, 0.4780208679161778, 0.48997515791458085, 0.4780208680616172, 0.4903922597274808, 0.4770958024914006, 0.4922057899629918, 0.47483540539086755, 0.4876833355143518, 0.47268298180759993, 0.8820959779730498
1.32, 0.8820959150384449, 0.4726829943835429, 0.487683333380568, 0.47483539916263495, 0.4922058021336745, 0.47709582893358626, 0.4903922760733538, 0.4780208813423493, 0.489975166940523, 0.4780208703661202, 0.49039226114004986, 0.4770957989458078, 0.49220579000000003, 0.4748353841758195, 0.4876833309075461, 0.4726830407808824, 0.8820959263868199
1.34, 0.8820959288794543, 0.47268304671551153, 0.4876833351644219, 0.4748353886486699, 0.49220579110360707, 0.47709580079182534, 0.4903922594218701, 0.4780208674025389, 0.489975157640287, 0.4780208667611922, 0.4903922597470938, 0.47709580561104065, 0.49220578710135415, 0.4748353744574415, 0.4876836160022652, 0.4726819607145252, 0.8820967925571015
1.36, 0.8820959290517026, 0.4726830479067934, 0.48768333558872473, 0.4748353907304296, 0.49220579237972883, 0.47709580269182805, 0.4903922608202708, 0.478020869241674, 0.48997515870833597, 0.4780208692176254, 0.4903922607803111, 0.47709580251549555, 0.4922057927957616, 0.4748353854182399, 0.4876833987619995, 0.47268279600266433, 0.882096135694599
1.38, 0.9145796626368405, 0.5629060542382281, 0.5329699037561921, 0.5476609207370892, 0.5377516912163098, 0.5493784314207742, 0.5366366570875755, 0.5498353485958725, 0.5363930907755593, 0.5498321281074683, 0.5366387374377518, 0.5493834878187349, 0.5377573703145606, 0.5476707035610549, 0.5329737317367584, 0.5628820315925432, 0.9145715016387086
1.4, 0.9145851847739969, 0.5629213741278877, 0.532977590892335, 0.5476732647169573, 0.5377594499951504, 0.5493906819592658, 0.53664451011765, 0.5498475748071163, 0.5364007426105866, 0.5498475740480646, 0.5366445072093424, 0.5493906826066431, 0.5377594470841593, 0.5476732700200997, 0.5329776041415275, 0.5629213527013445, 0.9145851865501398
1.42, 0.9145851778064868, 0.5629213538628999, 0.5329775963899076, 0.5476732647352897, 0.5377594476589, 0.5493906743060146, 0.536644504496187, 0.5498475746193616, 0.5364007264843629, 0.5498475563977062, 0.5366444791083964, 0.5493906542153486, 0.5377594258378257, 0.5476733063600507, 0.5329776248667352, 0.5629214281034112, 0.9145852050341852
1.44, 0.9145851830208422, 0.5629213618864484, 0.532977609349558, 0.5476732750459586, 0.5377594562326957, 0.5493906686746827, 0.5366444931029873, 0.5498475696492409, 0.5364007431989712, 0.5498475759956309, 0.5366445087017326, 0.5493906828691453, 0.5377594491008821, 0.547673272911863, 0.5329776058158368, 0.5629213620609703, 0.9145851826587947
1.46, 0.9145849908649903, 0.5629217215741777, 0.5329777437903953, 0.5476734048772631, 0.5377594284975848, 0.5493907050713838, 0.5366444814302793, 0.5498475445899332, 0.5364007181031727, 0.5498475503235656, 0.536644464355059, 0.5493906248760208, 0.5377594093044001, 0.5476732101511733, 0.5329775732621336, 0.5629212905905129, 0.9145851610270372
1.48, 0.9145851972508845, 0.5629214205140278, 0.5329776323608622, 0.5476733133494798, 0.5377594848362841, 0.5493907145846082, 0.5366445545198086, 0.5498476031487058, 0.5364007912098439, 0.5498476100148988, 0.5366445611996937, 0.5493907072040128, 0.5377594300460498, 0.5476735955657719, 0.532977151122616, 0.5629180528875686, 0.9145891130102122
1.5, 0.9407335790022283, 0.6568628760100224, 0.5767549279723442, 0.6188021413355429, 0.5935382129853735, 0.6058475981378862, 0.605813502428705, 0.5961536972467536, 0.6109879845669235, 0.5961533546486513, 0.6058129507125687, 0.6058472344024461, 0.5935378263163221, 0.6188017392336077, 0.5767533320378988, 0.6568633635655194, 0.9407337428506684
1.52, 0.9407337507434161, 0.6568636249362582, 0.5767535601954145, 0.6188019300086831, 0.593538428076615, 0.6058473240016731, 0.6058134497778339, 0.5961535337762671, 0.610988791827553, 0.5961535323622642, 0.6058134842461872, 0.6058471845272062, 0.5935386909744068, 0.618802101950999, 0.5767529768834948, 0.6568635363694909, 0.9407340862165415
1.54, 0.9407337472536381, 0.6568636255938248, 0.5767535429895946, 0.6188019285584199, 0.5935384828741813, 0.6058473865661311, 0.6058134480727658, 0.5961535302665553, 0.6109887955419869, 0.5961535244048847, 0.6058134462015463, 0.6058473236356627, 0.593538403035588, 0.6188019016414449, 0.5767535617814648, 0.6568636047972474, 0.9407337475863546
1.56, 0.9407339423964355, 0.6568636588806167, 0.576754184116163, 0.6188019820466664, 0.5935383812735506, 0.6058470336360954, 0.6058133425834719, 0.5961535414265077, 0.610988424407695, 0.5961534364030853, 0.6058134133235459, 0.605847417799493, 0.5935385599905119, 0.6188020028704233, 0.5767534906036478, 0.6568634709275407, 0.9407337178520949
1.58, 0.9407336550991208, 0.6568637284941364, 0.5767536825313304, 0.6188019853773474, 0.5935384606102667, 0.6058473115589891, 0.6058135413648288, 0.5961534394708564, 0.6109888548729637, 0.596153450934664, 0.605813391442438, 0.6058473132483299, 0.5935384599082761, 0.6188019372528112, 0.5767536677421246, 0.6568632233863284, 0.9407340158263905
1.6, 0.9613844834954182, 0.749908755560764, 0.6329733872494909, 0.6676317780630323, 0.6739559242887864, 0.6508313026931758, 0.667849805186867, 0.6688517038579678, 0.6531109438779444, 0.6688519833391426, 0.6678493766297049, 0.6508313287935872, 0.6739559031422335, 0.6676313905382454, 0.6329732112095446, 0.7499083365884953, 0.9613843612561253
1.62, 0.9613867724565113, 0.7499191668856902, 0.6329797994512234, 0.6676372294879525, 0.6739652684860812, 0.650836552917776, 0.6678567930456398, 0.6688605354570373, 0.6531157268016197, 0.6688605324809098, 0.6678568256143702, 0.6508365346177764, 0.6739653083265692, 0.6676371388750604, 0.632979939747192, 0.7499191287084527, 0.961386738135245
1.64, 0.9613867727693006, 0.749919168679794, 0.632979801523301, 0.6676372311900313, 0.6739652716922272, 0.6508365554977398, 0.6678567941572539, 0.668860538656388, 0.6531157259090971, 0.6688605320733496, 0.6678568581276343, 0.650837048305911, 0.6739643371434234, 0.6676367424518612, 0.6329796248214785, 0.7499200659613874, 0.9613869223804594
1.66, 0.9613867700040637, 0.7499191545882012, 0.632979791122824, 0.6676372256666057, 0.6739652573814809, 0.6508365443567761, 0.6678567911735616, 0.6688605240726533, 0.6531157131397917, 0.6688605343079658, 0.6678567829112683, 0.6508365468772175, 0.6739650177670422, 0.6676399883064534, 0.6329733839763008, 0.7499190650929676, 0.9613911801906573
1.68, 0.9613867650818952, 0.7499191384507748, 0.6329798256580574, 0.6676372939561435, 0.673965298983831, 0.6508365289321185, 0.6678568084237855, 0.6688605741198883, 0.6531157297356572, 0.6688605749053655, 0.6678567439905252, 0.6508366109628125, 0.6739652902689675, 0.6676371425142851, 0.6329797195947039, 0.749919233628891, 0.9613868350119661
1.7, 0.9771166824285279, 0.8362332888247584, 0.7119538834898078, 0.7021740260644713, 0.7383738753802941, 0.7331197280837985, 0.7109371922155134, 0.7215816055171478, 0.7370104505644522, 0.7215806308232411, 0.7109367148886001, 0.7331193067487267, 0.7383712919319949, 0.7021716459730141, 0.7119579380413581, 0.8362435712179054, 0.9771181684807296
1.72, 0.9771180667084398, 0.836243286652668, 0.7119576663654237, 0.7021715867068707, 0.7383707457044097, 0.7331183515811819, 0.7109360544162435, 0.7215803347391672, 0.7370098705621193, 0.7215803452837507, 0.7109359163529907, 0.7331182842033304, 0.7383707830973092, 0.7021711504788473, 0.7119568813513932, 0.836242654766178, 0.977118017138579
1.74, 0.9771189357679234, 0.8362523163817123, 0.7119644457194664, 0.7021684946921313, 0.7383672754261176, 0.7331180292431348, 0.7109346637180078, 0.7215782214498555, 0.7370089479946309, 0.7215797834710921, 0.7109346494048101, 0.7331172838866131, 0.73837076157984, 0.7021706352496798, 0.711955758377768, 0.8362420076865795, 0.9771178789245636
1.76, 0.9771180468119253, 0.8362428326376428, 0.711957091474348, 0.7021712799026616, 0.7383709016781635, 0.7331184089679581, 0.7109359374172939, 0.7215803676015924, 0.7370098771398348, 0.7215802932996045, 0.7109359383930967, 0.7331182547526184, 0.738370767499848, 0.7021690442158466, 0.7119542983941785, 0.8362479976763288, 0.9771208686717615
1.78, 0.9883344776920677, 0.9090175847223647, 0.8106627433182121, 0.7588566473011811, 0.767696790927207, 0.7968621994589733, 0.8022222186760277, 0.7819947978043233, 0.7686883034626792, 0.7819955786633899, 0.802221480865139, 0.7968584798098324, 0.7676928950260005, 0.7588583510552522, 0.8106717460671671, 0.9090296782420921, 0.9883360362938798
1.8, 0.9883358867238334, 0.9090286119494477, 0.8106701384253223, 0.7588570985960521, 0.7676924449745286, 0.7968580935063663, 0.8022203910807579, 0.7819938156979425, 0.7686867884258339, 0.7819937027078437, 0.8022204591023205, 0.7968574847999523, 0.7676959621841386, 0.7588531667576184, 0.81067003923988, 0.9090270743138544, 0.9883388574281011
1.82, 0.9883358812332461, 0.9090285975482781, 0.8106704933701446, 0.7588571767569222, 0.7676925305698761, 0.796858142857626, 0.8022204416730943, 0.7819935928740682, 0.7686866273902799, 0.781993095297038, 0.8022196037679066, 0.7968572912385424, 0.7676923002702518, 0.7588571079360571, 0.8106713165377031, 0.9090297699801577, 0.9883360919499824
1.84, 0.9954355629749125, 0.9618275894770081, 0.9085752136826128, 0.8569652305160849, 0.8255164422167018, 0.8214123989136366, 0.8378276173855902, 0.8585872875646617, 0.8677031540127378, 0.858586679198946, 0.837825958605739, 0.8214116733827604, 0.8255179714404322, 0.8569675109673479, 0.9085761133697594, 0.9618280134203511, 0.995435611435111
1.86, 0.9883368708361054, 0.9090237244336477, 0.8106692138880589, 0.7588603569085381, 0.7676960157664414, 0.7968599239890259, 0.8022215295164554, 0.7819953047988739, 0.7686886656990217, 0.781995349789956, 0.8022211804740274, 0.7968586255893193, 0.7676934659314778, 0.758858729351341, 0.8106717308639598, 0.9090295483577403, 0.988336011416127
1.88, 0.99543636996467, 0.9618343384958756, 0.9085799481285869, 0.8569673544095666, 0.8255160438908236, 0.8214102155846689, 0.8378248141122666, 0.8585851034270147, 0.8677019794750731, 0.8585868791291427, 0.8378289516769897, 0.821413400283361, 0.8255153311624118, 0.8569632699049646, 0.9085741181823968, 0.9618265624393911, 0.9954353640580409
1.9, 0.995435843748146, 0.9618312796181652, 0.9085806569443078, 0.8569689926911166, 0.8255174003089949, 0.8214105838322936, 0.8378230447737358, 0.858585043130851, 0.8677025613098768, 0.8585865451612769, 0.8378262340276086, 0.8214110342413536, 0.8255160284684406, 0.8569655387541186, 0.9085749491787349, 0.9618288553736438, 0.9954358216759607
1.92, 0.9999999940143465, 0.9999999438710749, 0.9999998247770168, 0.999999664407617, 0.99999954782708, 0.9999995470063631, 0.9999996634454693, 0.9999998283469472, 0.9999999569855837, 0.9999999912251671, 0.9999999987054338, 0.9999999998715294, 0.9999999999249279, 0.9999999998909231, 0.9999999998736337, 0.9999999999454445, 0.9999999999933227
1.94, 0.9999999996044855, 0.9999999967015212, 0.9999999918711939, 0.9999999918234385, 0.9999999949602337, 0.9999999974205244, 0.9999999983266923, 0.999999998573082, 0.9999999973563389, 0.9999999919448235, 0.9999999765980389, 0.9999999534807386, 0.9999999364448695, 0.9999999374702351, 0.9999999565451831, 0.9999999815655272, 0.9999999978347249
1.96, 0.9999999998600826, 0.9999999987733353, 0.9999999966300037, 0.9999999973882886, 0.9999999985728033, 0.999999999059429, 0.9999999995162105, 0.9999999997944027, 0.9999999998001645, 0.9999999993942431, 0.999999999001425, 0.9999999989223065, 0.9999999990974269, 0.999999999372766, 0.9999999996677083, 0.9999999999103222, 0.999999999993416
1.98, 0.9999999999110465, 0.9999999991842163, 0.999999997683869, 0.9999999971313571, 0.9999999979551871, 0.9999999986221795, 0.9999999988452486, 0.9999999990063275, 0.9999999993044439, 0.9999999994344955, 0.99999999930153, 0.9999999984323338, 0.9999999968155764, 0.9999999949367115, 0.999999994844979, 0.9999999972264451, 0.999999999727996
2.0, 1.0, 0.9999999999976668, 0.999999999987754, 0.9999999999795068, 0.999999999982115, 0.9999999999881289, 0.9999999999848044, 0.9999999999568068, 0.9999999998264947, 0.9999999988252073, 0.9999999932722548, 0.9999999844649825, 0.9999999781362745, 0.9999999775956578, 0.9999999825542722, 0.9999999923521095, 0.999999999245133
