0.0, 3.5915714846623814e-14, -1.6819878823071122e-14, 7.288614156664153e-14, 5.745959263947498e-13, -6.668554597411003e-13
0.02, -3.380073998471289e-13, -2.4658053376924727e-13, 8.149037000748649e-14, -1.61259894326804e-13, 6.651346140529313e-13
0.04, -6.950551245665793e-13, -5.380695888845821e-13, 1.0291767438275201e-13, -1.7654100403774464e-11, 1.8783863353633024e-11
0.06, 5.653699730601147e-12, 4.586886426238834e-12, -6.4420135892362396e-12, 1.1555495449400155e-10, -1.1935258337203436e-10
0.08, 1.4932499681208355e-14, 1.63202784619898e-14, -3.114175584073564e-14, 3.430034034579421e-13, -3.4333647036532966e-13
0.1, -1.0827783114564227e-11, -7.699674231531617e-12, 1.3369028106779979e-11, -2.3219703937371605e-10, 2.373550800349733e-10
0.12, 6.790734641271001e-12, 5.967393246208985e-12, -9.180323168322957e-12, 1.5805379227629146e-10, -1.616314304619948e-10
0.14, -5.653942591887784e-12, -4.706814799027015e-12, 1.753548001248717e-11, -9.392918040584952e-11, 8.675446472317105e-11
0.16, 5.10702591327572e-15, 3.0531133177191805e-15, -5.551115123125783e-17, 4.241051954068098e-14, -5.057065877167588e-14
0.18, -2.477956728696995e-11, -1.4792056468593273e-11, -6.590289425290052e-11, -7.456163464425458e-11, 1.800481985725355e-10
0.2, 6.409595076917185e-12, -2.0073387396735143e-12, -1.294631069015395e-12, 5.230121891131034e-11, -5.5408622134933694e-11
0.22, -2.367750440157579e-11, -4.331424108272586e-11, -1.2599715715211346e-10, 1.179707997955859e-10, 7.56344986641011e-11
0.24, -5.42343947529389e-14, -5.156985949383852e-14, 7.91033905045424e-14, 3.448352714485736e-13, -3.184119634624949e-13
0.26, -1.9805475925949168e-8, 1.9161328745909145e-8, 3.7948155395817196e-8, 1.936301674554386e-10, -3.691863081911606e-8
0.28, 7.264522317029787e-12, 1.7204571101103738e-12, 4.899802785729435e-12, 5.271283409769012e-12, 1.4767298495144132e-11
0.3, 1.055960152651636e-9, 4.5330394993214895e-10, -1.0544987105731707e-10, -6.314244682670278e-10, 2.891225869827707e-9
0.32, 1.6277315384449764e-7, 9.578875814764132e-8, -6.92294025439466e-8, -2.5402201181412565e-7, 3.1620562573886346e-7
0.34, 0.3277548491061668, 0.08504887856796711, 0.1743834554728925, 0.08504891213265109, 0.32775470571021526
0.36, 0.32775782141025417, 0.0850496642878686, 0.1743850250399276, 0.08504966472398828, 0.3277578200376755
0.38, 0.3277578225719524, 0.08504966471103295, 0.17438502582530194, 0.08504966426826349, 0.3277578220172301
0.4, 0.32775782244519774, 0.08504966454768564, 0.17438502559664276, 0.08504966446447451, 0.3277578229423816
0.42, 0.32775782259317865, 0.08504966463171465, 0.17438502586424784, 0.08504966417560444, 0.3277578227352561
0.44, 0.3277578226141393, 0.08504966467732294, 0.1743850256198008, 0.08504966452169568, 0.3277578225670426
0.46, 0.32775782235511625, 0.08504966502425834, 0.17438502389273192, 0.08504966482913554, 0.3277578238897998
0.48, 0.3277577160799919, 0.08504961957830146, 0.17438506709519358, 0.08504968622953674, 0.3277579110085666
0.5, 0.32775780500046314, 0.08504965796956845, 0.17438503086960894, 0.08504966992697904, 0.3277578362588533
0.52, 0.3277578225635053, 0.08504966459016845, 0.17438502571858477, 0.08504966458049554, 0.3277578225472476
0.54, 0.327757744468988, 0.08504964887414632, 0.17438502095521874, 0.08504969402367958, 0.327757891692708
0.56, 0.3277578225932797, 0.08504966464320589, 0.17438502567131883, 0.08504966457815688, 0.3277578225141303
0.58, 0.32775781018647343, 0.08504966354067675, 0.17438502912172715, 0.08504966452951694, 0.32775783307847683
0.6, 0.3277582865034526, 0.08504943776558663, 0.17438454850904195, 0.08504966530334612, 0.32775806446586014
0.62, 0.32775848477434205, 0.08505003906879294, 0.17438497805712014, 0.085049680818417, 0.3277579689917606
0.64, 0.6745787970615945, 0.20503576542423502, 0.24076990145987306, 0.20503575855010508, 0.6745783072186367
0.66, 0.6745793798728397, 0.205036459246964, 0.24076964105808105, 0.2050354350254055, 0.6745784628385265
0.68, 0.6745792058873434, 0.2050358573430094, 0.24076988087865164, 0.2050358548368316, 0.6745792006645854
0.7, 0.6745792057492858, 0.20503585442890668, 0.24076988297424287, 0.20503585495226195, 0.6745792004881519
0.72, 0.6745792040159064, 0.2050358552964468, 0.24076988260545656, 0.20503585252954648, 0.674579205248705
0.74, 0.6745792040100785, 0.20503585516104994, 0.2407698818480898, 0.20503585510931988, 0.6745792038712078
0.76, 0.6745792039982911, 0.20503585508339, 0.24076988183997838, 0.20503585510214034, 0.6745792039757267
0.78, 0.6745792032786903, 0.20503585539481511, 0.24076987986425583, 0.2050358568547884, 0.6745792046051522
0.8, 0.674579202716163, 0.20503585514308942, 0.24076987821279447, 0.20503585419080875, 0.6745792097357215
0.82, 0.6745792039921636, 0.20503585507563982, 0.240769881817334, 0.20503585508086336, 0.674579204033998
0.84, 0.6745792039960186, 0.20503585507049954, 0.24076988183828277, 0.2050358550290576, 0.6745792040661532
0.86, 0.6745792039927804, 0.20503585507595523, 0.24076988182615325, 0.2050358550730612, 0.6745792040321525
0.88, 0.6745792038859492, 0.20503585492530124, 0.24076988149786496, 0.20503585482207, 0.6745792048690555
0.9, 0.6745792039526584, 0.20503585501834673, 0.24076988173159145, 0.2050358548975368, 0.6745792044211628
0.92, 0.6745792039968509, 0.20503585508125663, 0.24076988183461986, 0.20503585508320013, 0.6745792040060284
0.94, 0.6745792040211418, 0.20503585512011982, 0.2407698818921437, 0.20503585515386313, 0.6745792038130336
0.96, 0.6745792021579914, 0.20503585440578942, 0.24076988439888414, 0.20503585424051501, 0.6745792047996486
0.98, 0.674579190242646, 0.20503582812251636, 0.24076994677283903, 0.20503589220109183, 0.6745791428023531
1., 0.6745792137870443, 0.20503585565342286, 0.24076988738494073, 0.20503586008362185, 0.6745792280034596
1.02, 0.6745792435367806, 0.20503570499760315, 0.24077003774753108, 0.2050363097910442, 0.6745787736665378
1.04, 0.8619566805217656, 0.4120416156092681, 0.45175062779408204, 0.4120460019772999, 0.8619514430548458
1.06, 0.8620039739360006, 0.4120938553737159, 0.4518046655259754, 0.41209364717673097, 0.862003751412612
1.08, 0.8620039276249007, 0.41209397758228156, 0.4518045444442659, 0.4120937343234778, 0.8620038090587587
1.1, 0.8620039044186296, 0.41209378645409334, 0.45180460843256454, 0.4120937940833409, 0.8620039024816077
1.12, 0.8620039039087241, 0.41209378873053554, 0.4518046184461321, 0.41209378336127367, 0.8620039050831568
1.14, 0.8620039041374699, 0.41209379109477506, 0.4518046081331629, 0.4120938268609339, 0.8620038668239212
1.16, 0.8620039040229821, 0.4120937910460816, 0.4518046108392392, 0.4120937910912942, 0.8620039029994788
1.18, 0.8620039041303484, 0.4120937908684271, 0.4518046122633888, 0.4120937901505394, 0.8620039025872641
1.2, 0.8620039039412535, 0.41209379071620345, 0.451804610638344, 0.41209379081666603, 0.8620039038672587
1.22, 0.862003904080926, 0.4120937910945038, 0.4518046089123927, 0.41209379097626064, 0.862003904925968
1.24, 0.8620039054344082, 0.4120937948867205, 0.45180461833319674, 0.41209377846216666, 0.8620039029100293
1.26, 0.8620039039529162, 0.4120937907766271, 0.451804610604117, 0.41209379074032493, 0.8620039039260532
1.28, 0.8620039038885612, 0.4120937908012821, 0.4518046106733149, 0.41209379081282255, 0.8620039038317817
1.3, 0.8620039034677551, 0.41209378896739896, 0.45180460825883284, 0.4120937856312852, 0.8620039138101949
1.32, 0.8620039038336414, 0.4120937903298052, 0.45180461020249596, 0.4120937895739797, 0.8620039061913545
1.34, 0.8620040507267619, 0.4120937595324393, 0.45180484453320086, 0.4120935447821751, 0.8620038008081117
1.36, 0.8620039054717759, 0.41209379571473426, 0.4518046162300681, 0.41209380496333536, 0.8620038776203816
1.38, 0.8620039131666877, 0.41209383645870756, 0.4518045247521818, 0.41209381847982296, 0.8620039159962978
1.4, 0.8620039176555949, 0.4120938397186013, 0.4518046248955744, 0.41209380583553934, 0.8620041436384174
1.42, 0.8620039394154846, 0.4120934743456952, 0.451804026153406, 0.4120944677689445, 0.8620041971810724
1.44, 0.8620058816474055, 0.41210005443678854, 0.4518070149330463, 0.41210202519989936, 0.8620057651144543
1.46, 0.9618031316248206, 0.7381958798939207, 0.5999996925712178, 0.7381955325667958, 0.9618030873593961
1.48, 0.9618034557813537, 0.7381970375433069, 0.6000001464472697, 0.7381960454146319, 0.9618033145555989
1.5, 0.9618034130475026, 0.7381966908344231, 0.5999999715413054, 0.7381965328902225, 0.9618033916586226
1.52, 0.9618033203069523, 0.7381960892105768, 0.6000004087077949, 0.7381968513710595, 0.9618033304016147
1.54, 0.9618034001868099, 0.7381966101171917, 0.6000000137530782, 0.7381966101267002, 0.9618033658161791
1.56, 0.9618028833929799, 0.7381930563883787, 0.600001096334574, 0.7381990273801238, 0.9618039363568618
1.58, 0.9618034016246136, 0.7381966205053737, 0.6000000008276003, 0.7381965770318062, 0.9618034000097662
1.6, 0.961803373977951, 0.7381964056708635, 0.6000001263747885, 0.7381966826087926, 0.9618034113670405
1.62, 0.9618032205236923, 0.7381952896241801, 0.6000001403365622, 0.7381975983378826, 0.9618037511757538
1.64, 0.9618030367223045, 0.738194118816976, 0.599999863717793, 0.7381991624907632, 0.9618038237887264
1.66, 0.961803418178564, 0.7381967334700512, 0.6000002023659696, 0.738196709379164, 0.9618029365923786
1.68, 0.9618033782343265, 0.7381964308628791, 0.6000017806878234, 0.7381952046052155, 0.9618032090266688
1.7, 0.9618028377023258, 0.7381927592262248, 0.5999937037836669, 0.7382059937569119, 0.9618047094146324
1.72, 0.9618034055204953, 0.7381966465773184, 0.6000000841313116, 0.7381964278707922, 0.9618034361526793
1.74, 0.9618033276487754, 0.7381961136053218, 0.6000002707312246, 0.7381968434610773, 0.9618034458549007
1.76, 0.9618033833342788, 0.7381964950679486, 0.6000000557596209, 0.738196658772268, 0.9618034075796056
1.78, 0.9618033809838564, 0.7381964941179673, 0.600000196610548, 0.7381977055587607, 0.9618035557698337
1.8, 0.9618037655451284, 0.7381991491749094, 0.6000038099877196, 0.738199132820192, 0.9618038425714905
1.82, 0.999999991386393, 0.9999999390790242, 0.9999999058867637, 0.9999999459040845, 0.9999999924435838
1.84, 0.9999999737074745, 0.9999998102535549, 0.999999692593384, 0.9999997960290696, 0.9999999713540202
1.86, 0.9999999879307011, 0.9999999103906017, 0.9999998526090426, 0.9999999041771408, 0.9999999870503926
1.88, 0.9999999997279898, 0.9999999979236993, 0.9999999958968118, 0.9999999972324101, 0.9999999996369388
1.9, 0.9999999995511981, 0.9999999964751611, 0.9999999926557541, 0.9999999949333781, 0.999999999356431
1.92, 0.9999999994659313, 0.9999999955354948, 0.9999999900724595, 0.9999999937576038, 0.9999999991953863
1.94, 0.9999999999919249, 0.9999999999341971, 0.9999999998297406, 0.9999999999223261, 0.9999999999945898
1.96, 0.9999999999970666, 0.9999999999700094, 0.9999999999235947, 0.9999999999396183, 0.9999999999930324
1.98, 0.9999999999999994, 0.9999999999964575, 0.9999999999897551, 0.9999999999834575, 0.9999999999976428
2.0, 0.9999999999589606, 0.9999999996240483, 0.9999999989124843, 0.999999999202418, 0.9999999999058351
