0.0, 3.868943304619066e-8, 9.988996185761323e-9, 6.569477123408163e-8, 3.986894764329563e-8, -5.080162923665199e-8, 8.417996627541058e-8, -4.960364269335216e-8, -4.333913716791926e-8, -9.484091534339711e-8
0.02, -3.2479522766859503e-6, -1.0056161330318503e-6, -5.43004944286718e-7, -7.341141533556694e-7, 6.170230432700485e-7, 3.1749498247135577e-7, 1.2159387846599756e-6, 7.272645175526726e-7, 2.6548685876925937e-6
0.04, 9.701752579083234e-8, 2.80539175778749e-8, 6.279027264799453e-8, 7.490375769636515e-8, 5.255347246269082e-8, -4.1407137940652206e-8, 1.6481096931642014e-8, -4.947774584485032e-8, -2.409555004967423e-7
0.06, 5.614111336926797e-8, 1.6113422651731213e-8, 3.28098775925767e-8, 3.2439286701269054e-8, 5.274038317182317e-9, -3.205637977288234e-10, -2.7225782017747946e-8, -2.0359369135025673e-8, -9.467926215256384e-8
0.08, 7.69946021383916e-8, 2.3002581395203947e-8, 3.647211355151114e-8, -2.374226221180109e-8, 1.830047857698247e-8, -4.117362539801661e-8, -2.9504156950910243e-8, -1.4473777454337977e-8, -4.405092057790938e-8
0.1, 2.647071940531376e-7, 8.013842539567051e-8, 9.838733372458108e-8, -1.1262731525185643e-8, 4.631019090428623e-8, -9.02403332059265e-8, -9.383322324696408e-8, -5.936666325201401e-8, -2.3328133064159928e-7
0.12, 2.4978997892333155e-7, 7.837557741696699e-8, 1.0155195456773569e-7, -2.4996753833494978e-8, 4.5262754155839247e-8, -6.750986258907687e-8, -1.1903671098822954e-7, -5.408723130484461e-8, -2.0890538343643072e-7
0.14, -1.7718839867564284e-7, -4.8943691433045444e-8, -1.0213793461000265e-7, -6.214280001692885e-8, 5.01042135003793e-8, -3.2514279102446864e-8, 8.135923201813e-8, 6.701032678746444e-8, 2.2479616745840758e-7
0.16, -5.789357149232899e-8, -5.047549933578921e-9, 1.6543966879778438e-7, 1.0098152353199552e-7, 7.541373686636987e-8, 1.008805097790777e-7, 1.8024083447976125e-8, -8.364737280608381e-8, -3.122342790984334e-7
0.18, -3.736335676962632e-7, 8.046135979711266e-10, -1.4440245110769467e-9, 3.66806947593723e-8, 2.739294485687438e-8, 1.4112290441792297e-7, 8.151455860305745e-8, 2.170060814377095e-8, 8.086198410861556e-8
0.2, 5.834279870331471e-8, 1.1779926645250072e-8, -2.473671051328452e-8, 1.3214290495167091e-8, -2.4273791865425665e-8, -1.4457968933179188e-8, -4.909927353580201e-9, -3.711434659603441e-9, -1.0383898130239544e-8
0.22, -2.3336025870568378e-6, -3.3893613166080527e-7, -4.5383675384425004e-7, 2.8389682221741097e-7, 8.513694821354889e-8, 6.31546164586716e-7, 6.307766420299288e-7, 3.2640381242288186e-7, 1.1719070213689342e-6
0.24, -1.5465559388694317e-9, 1.4408744808402929e-8, -4.15173477819053e-8, -6.210668723749535e-8, -8.639767551388289e-8, 1.9622937885710456e-8, -4.993989138890598e-8, 3.425810873869395e-8, 1.732119634390017e-7
0.26, -8.106628252013692e-8, -2.3889989819725344e-8, -2.4476022542074816e-8, 8.643981419531599e-9, 1.9158732100788e-8, 4.052981178448434e-8, 1.8691622916122697e-8, 1.3016784983221896e-8, 3.0508820136887493e-8
0.28, -5.720831419697703e-9, -8.194649847581559e-9, -4.4526590914362174e-8, -2.4164506617907477e-8, -2.5338928733020794e-9, 1.98545681562301e-8, 2.593355036273337e-8, 1.0862208077444535e-8, 3.2685356976536184e-8
0.3, 6.413311039454861e-7, 1.75476105201966e-7, 3.3585321290718895e-7, 3.0915284565669054e-7, 3.1717553200527604e-7, 3.4804228149498684e-7, 7.30904131107657e-7, -2.961220850916657e-6, 3.6022672672553213e-6
0.32, 0.19585856543568358, 0.05357011116894014, 0.10366558402613632, 0.09612694969544724, 0.10155754741396611, 0.09612694568055076, 0.10366558668684789, 0.053570120519627173, 0.1958585802981963
0.34, 0.19585857221937816, 0.05357011392005051, 0.10366558266610582, 0.09612694737080967, 0.10155755225110484, 0.0961269472346507, 0.10366558434105547, 0.0535701202394214, 0.19585857947989502
0.36, 0.19585857771479886, 0.05357011972115697, 0.10366558232531815, 0.09612694444044705, 0.10155754954830082, 0.096126944246463, 0.1036655823719814, 0.05357012005969611, 0.19585857933589731
0.38, 0.1958587063205134, 0.053570185239872864, 0.10366563396206893, 0.09612721538427783, 0.10155754628803298, 0.09612688044597256, 0.10366547576268205, 0.053569992624282414, 0.19585836376872073
0.4, 0.19585857805216528, 0.05357011982194157, 0.10366558246150132, 0.0961269446616114, 0.10155754989249377, 0.0961269446762329, 0.10366558250826578, 0.053570119795602666, 0.19585857813019497
0.42, 0.1958585759543741, 0.05357011906533962, 0.10366558159339008, 0.09612694264565538, 0.10155754950980961, 0.09612694363587915, 0.10366558172949471, 0.05357012146895365, 0.19585858440989265
0.44, 0.19585857788864777, 0.05357011951448426, 0.10366558262257972, 0.0961269448683303, 0.10155754980282368, 0.0961269448307383, 0.10366558218076743, 0.05357012038646011, 0.19585857801559092
0.46, 0.19585900758275543, 0.05357012282671372, 0.10366610208273992, 0.09612721848854915, 0.1015577804226936, 0.09612709973712744, 0.10366582815079715, 0.05357100897641168, 0.19585958808835122
0.48, 0.4687877992206293, 0.12867176510240858, 0.18404278624356532, 0.14746391278882265, 0.14206862641658113, 0.14746423772706335, 0.1840428288997057, 0.1286709192728896, 0.4687868564968406
0.5, 0.46878721346251023, 0.12867061611827377, 0.18404309663509302, 0.1474646687214385, 0.14206881346277273, 0.14746437085608347, 0.18404292685820894, 0.1286709609848677, 0.4687873032540882
0.52, 0.4687875141770748, 0.1286709989206179, 0.18404291447647225, 0.1474642538038199, 0.1420686345973665, 0.14746425462359064, 0.18404291460079064, 0.1286709983235269, 0.46878751535005087
0.54, 0.4687875134939394, 0.12867099819481215, 0.1840429140619048, 0.1474642519452866, 0.14206863416995336, 0.1474642508858244, 0.18404291341194823, 0.1286710017873549, 0.46878752014943076
0.56, 0.46878752733427664, 0.12867099786816222, 0.18404291857623603, 0.14746425349275283, 0.1420686310770999, 0.14746425385265968, 0.18404291072699386, 0.12867099200047508, 0.4687875150766279
0.58, 0.46878751622693027, 0.12867099912531033, 0.184042914376399, 0.14746425341261238, 0.14206863465104072, 0.14746425326280937, 0.1840429143572566, 0.1286709983582923, 0.46878751623254555
0.6, 0.4687875195084181, 0.12867099622075617, 0.18404291240125087, 0.1474642533476197, 0.14206863191848626, 0.14746425200929267, 0.1840429156597097, 0.12867099888029915, 0.46878752018098047
0.62, 0.4687875154525826, 0.1286709960048593, 0.18404291305581477, 0.14746425194891424, 0.14206863253667956, 0.1474642516857291, 0.18404291562644914, 0.12867100148243907, 0.4687875222614752
0.64, 0.46878751499981824, 0.1286709991624292, 0.18404291453234442, 0.14746425412072986, 0.1420686352408463, 0.14746425402337163, 0.18404291481738894, 0.12867099858848713, 0.46878751456709256
0.66, 0.46878749219488286, 0.1286709891531583, 0.18404291432217257, 0.14746426161518938, 0.14206864182755796, 0.1474642702015764, 0.18404292525904273, 0.12867100122928793, 0.4687875082177327
0.68, 0.46878775488517377, 0.1286707622629101, 0.18404276501339553, 0.1474642194715479, 0.14206872893068015, 0.14746432603948714, 0.18404295333607087, 0.12867104963091505, 0.4687876535875533
0.7, 0.661841307996216, 0.2036874273921248, 0.24263585068254212, 0.2567972848623369, 0.2700739818756185, 0.25679716572947775, 0.24263613712199736, 0.20368754289287366, 0.6618408083353233
0.72, 0.6618416754646635, 0.20368751813921318, 0.24263596634997261, 0.25679744049598047, 0.2700742655306704, 0.256797605858924, 0.24263603847499582, 0.20368764912839216, 0.6618418353359834
0.74, 0.6618417515407902, 0.20368759836636816, 0.24263598316653878, 0.256797533633183, 0.27007426742574203, 0.2567975337038555, 0.24263598315857396, 0.2036875982673071, 0.6618417507183204
0.76, 0.6618417510599736, 0.20368760328323193, 0.24263596759832376, 0.2567975361609706, 0.27007426750967456, 0.2567975319861654, 0.2426359841715217, 0.20368759924651852, 0.6618417589814127
0.78, 0.6618417511717163, 0.2036875984368473, 0.24263598315024779, 0.25679753367974106, 0.2700742671734446, 0.25679753368639224, 0.24263598315314713, 0.2036875982334681, 0.6618417513150469
0.8, 0.6618417553775473, 0.20368759782815213, 0.2426359833818342, 0.2567975347637874, 0.2700742685921812, 0.2567975333699864, 0.2426359813660919, 0.20368759397833194, 0.6618417513492058
0.82, 0.6618417545596201, 0.2036875991602996, 0.24263598419916055, 0.25679753445924985, 0.2700742678947692, 0.2567975330370615, 0.24263598148213295, 0.20368759515353296, 0.6618417500509267
0.84, 0.6618417511988276, 0.20368759838868614, 0.24263598311267343, 0.25679753368498665, 0.2700742672077949, 0.2567975336728117, 0.24263598323166047, 0.20368759803675143, 0.661841751465845
0.86, 0.6618417512185389, 0.20368759836288564, 0.24263598311113133, 0.25679753369027825, 0.2700742672164105, 0.2567975336639176, 0.24263598315202128, 0.20368759842471865, 0.6618417511600647
0.88, 0.6618417512212228, 0.2036875984318975, 0.2426359831380128, 0.2567975336829869, 0.27007426721497796, 0.2567975336754284, 0.24263598318571267, 0.20368759808498085, 0.6618417513657098
0.9, 0.6618417517779549, 0.20368759832273378, 0.2426359830190748, 0.25679753281280393, 0.2700742670648639, 0.2567975319891137, 0.24263598242856052, 0.2036875969370883, 0.6618417596009303
0.92, 0.6618417529588231, 0.20368759999458902, 0.24263598489766697, 0.25679753507232217, 0.2700742683302716, 0.25679753539459793, 0.24263598651572404, 0.20368759169531475, 0.6618417670049427
0.94, 0.6619708032456959, 0.20379382959604858, 0.24275470053892528, 0.2569163668234048, 0.27015615350021727, 0.25691330790682476, 0.24275332480806655, 0.20379236413813612, 0.6619852491045317
0.96, 0.7883805542867284, 0.3072720532138731, 0.35825779517378614, 0.3720470151948379, 0.3480849862179587, 0.3720471022177876, 0.3582579424373795, 0.30727197657090227, 0.7883804755732021
0.98, 0.7883804326167718, 0.30727196652468336, 0.3582578868541743, 0.37204715810970385, 0.3480851086773456, 0.3720471577961161, 0.35825789020985205, 0.30727196346769003, 0.7883804325867265
1., 0.788380432966914, 0.3072719856650705, 0.358257799290323, 0.37204709795363483, 0.3480851945687075, 0.3720471907681237, 0.35825789208939995, 0.3072719728017606, 0.788380433803017
1.02, 0.7883804320582488, 0.3072719658383191, 0.35825788953941007, 0.3720471575191021, 0.3480851163026727, 0.3720471547206068, 0.3582578823152313, 0.30727196735128093, 0.788380434327207
1.04, 0.7883804330082578, 0.3072719665238084, 0.3582578878379388, 0.37204715841671765, 0.3480851081925383, 0.37204715849235115, 0.35825788795587055, 0.3072719662335976, 0.7883804333391942
1.06, 0.7883804329638447, 0.3072719664300838, 0.3582578877827092, 0.37204715841674874, 0.3480851083422006, 0.3720471581614085, 0.35825788788334745, 0.3072719668268148, 0.7883804331928563
1.08, 0.7883804331416457, 0.30727196661363, 0.3582578879388368, 0.37204715860370685, 0.3480851083601645, 0.37204715859144705, 0.3582578877805052, 0.3072719660691441, 0.7883804329012172
1.1, 0.7883804329121804, 0.30727196637333587, 0.35825788765520195, 0.37204715825316026, 0.34808510802226844, 0.3720471583218933, 0.35825788801220465, 0.30727196553433106, 0.7883804360352384
1.12, 0.7883802912400166, 0.30727209740305833, 0.35825793784758747, 0.3720472545903838, 0.3480851095728328, 0.3720471511108637, 0.3582578479523827, 0.3072719129441108, 0.7883803973051163
1.14, 0.788380431076368, 0.30727196595196166, 0.35825788831526684, 0.372047157822084, 0.34808510926660835, 0.3720471582620186, 0.3582578881118263, 0.3072719673241158, 0.7883804341053078
1.16, 0.7883791374475045, 0.3072711299024666, 0.3582592960082466, 0.3720476099442208, 0.34808530930400405, 0.3720471321069228, 0.3582582343920565, 0.30727247586111023, 0.7883807838644054
1.18, 0.874330765077105, 0.45058807454660244, 0.4772957155742862, 0.45579485337005005, 0.48394943627128173, 0.45579485193638586, 0.4772959632125161, 0.4505878846038705, 0.8743303244418703
1.2, 0.8743335052411971, 0.45059254122274284, 0.4772993753958008, 0.4557976177014669, 0.4839538039621999, 0.455797549757835, 0.47729949278757444, 0.45059257746497294, 0.8743334980724218
1.22, 0.8743330606096155, 0.45059197047325755, 0.4772997246756838, 0.455797979726978, 0.48395381611658517, 0.45579757120858355, 0.4773000240643387, 0.45059126554304474, 0.8743343999932638
1.24, 0.8743334938118311, 0.4505926441388479, 0.47729947589082944, 0.455797510850297, 0.4839537205106367, 0.45579752230524573, 0.4772995039769309, 0.45059262886937085, 0.8743334993368854
1.26, 0.8743334961519791, 0.45059262212496654, 0.47729950071880256, 0.4557975164932071, 0.48395371824338385, 0.4557975223205538, 0.47729949875373234, 0.45059262802125283, 0.8743334971563679
1.28, 0.8743334992836869, 0.4505926240151936, 0.47729949713483283, 0.45579751810028324, 0.4839537122875882, 0.45579752069609386, 0.47729949945423805, 0.45059263011582956, 0.8743334989129412
1.3, 0.8743334968159073, 0.450592625454412, 0.477299498939005, 0.4557975201847329, 0.4839537172600292, 0.45579752015196784, 0.47729949885516276, 0.4505926255988756, 0.8743334967400365
1.32, 0.8743334967916265, 0.45059262551661783, 0.47729949896018775, 0.4557975202348295, 0.4839537173179016, 0.4557975201849358, 0.4772994987368353, 0.4505926246146722, 0.8743334988118716
1.34, 0.8743334967683031, 0.45059262545589035, 0.4772994989039382, 0.4557975201767805, 0.48395371725518266, 0.4557975203053807, 0.47729949927848375, 0.45059261203222783, 0.8743335157733729
1.36, 0.8743334928377412, 0.45059261850805077, 0.47729950262678145, 0.4557975124396054, 0.4839536942686329, 0.4557975640201276, 0.47729949216135414, 0.45059256524459024, 0.8743335608122608
1.38, 0.8743334984458196, 0.45059263058176136, 0.47729950124879045, 0.4557975244166409, 0.4839537196852265, 0.45579752473279805, 0.4772995036383081, 0.450592589601465, 0.8743335522039744
1.4, 0.9333439559525611, 0.624484113852134, 0.5599681563239528, 0.5998285451638774, 0.5647495544624991, 0.5998285730318725, 0.5599682187902483, 0.6244840894879897, 0.9333439623134012
1.42, 0.933344000050045, 0.6244842280226588, 0.5599682785283804, 0.5998286783985958, 0.5647496348347608, 0.599828682736322, 0.559968290875896, 0.6244841441157236, 0.9333440135940474
1.44, 0.9333439797812424, 0.6244841141183864, 0.5599681805527637, 0.599828718215384, 0.5647496415575917, 0.5998287263788666, 0.559968308888152, 0.6244843074001032, 0.9333440232165681
1.46, 0.9333440084038196, 0.6244842625382507, 0.5599683301027557, 0.5998287137434888, 0.5647496542746734, 0.5998288661607144, 0.5599682784595248, 0.6244839694820257, 0.9333439201706815
1.48, 0.9333439975246214, 0.6244842558197694, 0.559968296151651, 0.5998287781889661, 0.5647496000929976, 0.5998285454038439, 0.5599683115270744, 0.6244842259976002, 0.933343978929875
1.5, 0.9333439544004168, 0.6244836769508681, 0.5599681964132763, 0.5998287525171437, 0.56474975042724, 0.599828856809127, 0.5599683793137984, 0.6244843919846393, 0.9333440428894653
1.52, 0.9333440003669686, 0.6244842239167965, 0.5599682816677777, 0.5998286813647138, 0.5647496270350615, 0.5998286800855013, 0.5599682820832927, 0.62448422473422, 0.9333439992837302
1.54, 0.9333440458463864, 0.6244840408619372, 0.5599687382986224, 0.5998288782863969, 0.5647495074861612, 0.5998286139200528, 0.5599681908331297, 0.6244840342997319, 0.9333439586334513
1.56, 0.9720063946984869, 0.8040886313191682, 0.672914438690128, 0.6873415325765568, 0.7272979665828728, 0.6873415403425738, 0.6729144534243069, 0.8040886435102499, 0.972006398851047
1.58, 0.9333440123392599, 0.6244842828032816, 0.5599682418285508, 0.5998286650707032, 0.5647496271549793, 0.5998286992531351, 0.559968148171434, 0.6244841563961183, 0.9333441731701142
1.6, 0.972006299528904, 0.804088163935962, 0.6729140331021471, 0.6873410395354587, 0.7272973442646754, 0.6873413855610482, 0.6729146918658855, 0.8040888262688911, 0.9720063818279383
1.62, 0.972005632554557, 0.804085003635362, 0.6729119653803614, 0.6873397750629612, 0.7272947966253662, 0.6873395403263126, 0.672911835287539, 0.8040846865089566, 0.9720054795085649
1.64, 0.9720072120865146, 0.8040942692003887, 0.6729152745387504, 0.6873393326868015, 0.7272964666836526, 0.6873408562655017, 0.6729129902688153, 0.8040873939722504, 0.972006204663939
1.66, 0.9720064813355861, 0.8040902386042026, 0.6729224661879201, 0.6873388340173148, 0.7272949149733379, 0.687340782950149, 0.6729130846844197, 0.8040870904007109, 0.9720061159565341
1.68, 0.9720063919481579, 0.8040886094438757, 0.6729144879902262, 0.6873415648063983, 0.7272979907281321, 0.6873415886508754, 0.6729143524622213, 0.804088233636465, 0.9720067815757489
1.7, 0.9720057086149558, 0.8040838901424114, 0.6729093132368892, 0.6873448340467713, 0.7272998364957906, 0.6873423676496414, 0.6729166388889164, 0.8040906824205656, 0.9720067375126069
1.72, 0.97200639309236, 0.8040886205386055, 0.6729144521217194, 0.6873415429392313, 0.7272979733614492, 0.687341537868331, 0.6729144334782259, 0.8040886602212225, 0.9720063978330926
1.74, 0.972006470847293, 0.8040889118877765, 0.6729147817445498, 0.6873412859130292, 0.7272978922621596, 0.6873414963039339, 0.672914342656275, 0.8040885432350742, 0.9720063791414542
1.76, 0.9720063717277626, 0.8040891706937574, 0.672914632801953, 0.6873415060518523, 0.7272977698088807, 0.6873415388266788, 0.6729145626610129, 0.804088633033341, 0.9720065197151148
1.78, 0.9720258044446574, 0.8041179390901545, 0.6729252372143959, 0.6873417164582803, 0.7272970403143644, 0.6873303059432596, 0.6728905102397339, 0.8040700638886291, 0.9720037347788508
1.8, 0.9932989333749329, 0.944441657689542, 0.8695915923528382, 0.8037712222966819, 0.7777706066622184, 0.8037770975712057, 0.8696019255807999, 0.9444473802731603, 0.9932995843354427
1.82, 0.9932991551673935, 0.9444442488713084, 0.8695941414275921, 0.8037720670496622, 0.7777769787142013, 0.8037729526808275, 0.8695958554972121, 0.9444453481448809, 0.993299251257582
1.84, 0.9932992206299971, 0.9444446902063698, 0.8695964729933428, 0.8037726053279957, 0.7777779156951581, 0.8037727161857523, 0.8695936532343056, 0.9444435766603915, 0.9932991522818142
1.86, 0.993299194171584, 0.9444445644799333, 0.8695950102678163, 0.8037734077531058, 0.7777785106053539, 0.8037758668419118, 0.8695929533504668, 0.9444419020660211, 0.993298591994758
1.88, 0.9932992034161434, 0.9444446411494141, 0.869595113113083, 0.8037735996883678, 0.7777786332920374, 0.803772074273633, 0.8695933641834255, 0.9444440179080562, 0.9932994212817237
1.9, 0.9999999999068244, 0.9999999990391366, 0.9999999963149995, 0.9999999914166469, 0.9999999836051585, 0.9999999703169662, 0.9999999638480568, 0.9999999768073946, 0.9999999967640092
1.92, 0.9999999999964613, 0.9999999993183949, 0.9999999932766673, 0.9999999751578258, 0.9999999483752865, 0.9999999263820003, 0.9999999307349582, 0.9999999631999237, 0.9999999954178189
1.94, 0.999999999952756, 0.9999999995959474, 0.9999999989651315, 0.9999999978595216, 0.9999999961210483, 0.9999999950093446, 0.9999999962449697, 0.9999999980848268, 0.9999999998205426
1.96, 0.9999999999920572, 0.9999999998615128, 0.99999999908247, 0.9999999971145701, 0.9999999946697343, 0.9999999928189611, 0.9999999936915884, 0.9999999967827589, 0.9999999996532365
1.98, 0.9999999999999833, 0.9999999999810274, 0.999999999916841, 0.9999999997865516, 0.9999999996040285, 0.9999999992489501, 0.999999999124434, 0.9999999994331008, 0.999999999938503
2.0, 0.9999999999999972, 0.9999999999914491, 0.9999999999729684, 0.9999999999459168, 0.9999999999113425, 0.9999999997818276, 0.999999999612124, 0.9999999997188633, 0.9999999999705566
